
1000
(
(0.000000 ((0.000000 0.000000 0.000000) (0.000000 0.000000 5.043426)))
(0.001001 ((0.008782 0.000553 0.000000) (0.000000 0.000000 15.631546)))
(0.002002 ((0.017425 0.002204 0.000000) (0.000000 0.000000 26.087970)))
(0.003003 ((0.025793 0.004925 0.000000) (0.000000 0.000000 36.378298)))
(0.004004 ((0.033754 0.008676 0.000000) (0.000000 0.000000 46.469127)))
(0.005005 ((0.041181 0.013395 0.000000) (0.000000 0.000000 56.328371)))
(0.006006 ((0.047957 0.019008 0.000000) (0.000000 0.000000 65.925822)))
(0.007007 ((0.053975 0.025428 0.000000) (0.000000 0.000000 75.233893)))
(0.008008 ((0.059141 0.032552 0.000000) (0.000000 0.000000 84.228449)))
(0.009009 ((0.063372 0.040267 0.000000) (0.000000 0.000000 92.889579)))
(0.010010 ((0.066601 0.048453 0.000000) (0.000000 0.000000 101.202181)))
(0.011011 ((0.068778 0.056978 0.000000) (0.000000 0.000000 109.156228)))
(0.012012 ((0.069868 0.065710 0.000000) (0.000000 0.000000 116.746648)))
(0.013013 ((0.069855 0.074510 0.000000) (0.000000 0.000000 123.972820)))
(0.014014 ((0.068737 0.083238 0.000000) (0.000000 0.000000 130.837777)))
(0.015015 ((0.066533 0.091757 0.000000) (0.000000 0.000000 137.347241)))
(0.016016 ((0.063278 0.099932 0.000000) (0.000000 0.000000 143.508652)))
(0.017017 ((0.059023 0.107634 0.000000) (0.000000 0.000000 149.330312)))
(0.018018 ((0.053835 0.114742 0.000000) (0.000000 0.000000 154.820781)))
(0.019019 ((0.047796 0.121142 0.000000) (0.000000 0.000000 159.988571)))
(0.020020 ((0.041002 0.126735 0.000000) (0.000000 0.000000 164.842215)))
(0.021021 ((0.033561 0.131430 0.000000) (0.000000 0.000000 169.390728)))
(0.022022 ((0.025589 0.135155 0.000000) (0.000000 0.000000 173.644525)))
(0.023023 ((0.017212 0.137851 0.000000) (0.000000 0.000000 177.616813)))
(0.024024 ((0.008564 0.139474 0.000000) (0.000000 0.000000 181.325534)))
(0.025025 ((-0.000220 0.140000 0.000000) (0.000000 0.000000 184.795875)))
(0.026026 ((-0.009000 0.139419 0.000000) (0.000000 0.000000 188.063334)))
(0.027027 ((-0.017638 0.137741 0.000000) (0.000000 0.000000 191.177217)))
(0.028028 ((-0.025998 0.134993 0.000000) (0.000000 0.000000 194.204193)))
(0.029029 ((-0.033946 0.131218 0.000000) (0.000000 0.000000 197.231248)))
(0.030030 ((-0.041358 0.126476 0.000000) (0.000000 0.000000 200.366881)))
(0.031031 ((-0.048117 0.120841 0.000000) (0.000000 0.000000 203.739002)))
(0.032032 ((-0.054115 0.114402 0.000000) (0.000000 0.000000 207.487942)))
(0.033033 ((-0.059258 0.107262 0.000000) (0.000000 0.000000 211.753773)))
(0.034034 ((-0.063465 0.099533 0.000000) (0.000000 0.000000 216.659277)))
(0.035035 ((-0.066669 0.091338 0.000000) (0.000000 0.000000 222.292623)))
(0.036036 ((-0.068819 0.082805 0.000000) (0.000000 0.000000 228.695493)))
(0.037037 ((-0.069882 0.074070 0.000000) (0.000000 0.000000 235.860928)))
(0.038038 ((-0.069840 0.065271 0.000000) (0.000000 0.000000 243.740971)))
(0.039039 ((-0.068695 0.056546 0.000000) (0.000000 0.000000 252.260112)))
(0.040040 ((-0.066464 0.048034 0.000000) (0.000000 0.000000 261.329369)))
(0.041041 ((-0.063183 0.039869 0.000000) (0.000000 0.000000 270.857416)))
(0.042042 ((-0.058904 0.032180 0.000000) (0.000000 0.000000 280.757587)))
(0.043043 ((-0.053694 0.025089 0.000000) (0.000000 0.000000 290.951269)))
(0.044044 ((-0.047635 0.018708 0.000000) (0.000000 0.000000 301.368797)))
(0.045045 ((-0.040824 0.013137 0.000000) (0.000000 0.000000 311.948931)))
(0.046046 ((-0.033367 0.008464 0.000000) (0.000000 0.000000 322.637660)))
(0.047047 ((-0.025384 0.004764 0.000000) (0.000000 0.000000 333.386809)))
(0.048048 ((-0.016999 0.002095 0.000000) (0.000000 0.000000 344.152687)))
(0.049049 ((-0.008345 0.000499 0.000000) (0.000000 0.000000 354.894907)))
(0.050050 ((0.000440 0.000001 0.000000) (0.000000 0.000000 365.575419)))
(0.051051 ((0.009219 0.000610 0.000000) (0.000000 0.000000 376.157785)))
(0.052052 ((0.017851 0.002314 0.000000) (0.000000 0.000000 386.606713)))
(0.053053 ((0.026202 0.005089 0.000000) (0.000000 0.000000 396.887850)))
(0.054054 ((0.034139 0.008889 0.000000) (0.000000 0.000000 406.967850)))
(0.055055 ((0.041536 0.013655 0.000000) (0.000000 0.000000 416.814703)))
(0.056056 ((0.048277 0.019311 0.000000) (0.000000 0.000000 426.398314)))
(0.057057 ((0.054254 0.025768 0.000000) (0.000000 0.000000 435.691251)))
(0.058058 ((0.059375 0.032924 0.000000) (0.000000 0.000000 444.669570)))
(0.059059 ((0.063557 0.040666 0.000000) (0.000000 0.000000 453.313590)))
(0.060060 ((0.066735 0.048872 0.000000) (0.000000 0.000000 461.608460)))
(0.061061 ((0.068859 0.057411 0.000000) (0.000000 0.000000 469.544407)))
(0.062062 ((0.069894 0.066150 0.000000) (0.000000 0.000000 477.116596)))
(0.063063 ((0.069825 0.074949 0.000000) (0.000000 0.000000 484.324608)))
(0.064064 ((0.068652 0.083670 0.000000) (0.000000 0.000000 491.171636)))
(0.065065 ((0.066395 0.092175 0.000000) (0.000000 0.000000 497.663511)))
(0.066066 ((0.063088 0.100329 0.000000) (0.000000 0.000000 503.807733)))
(0.067067 ((0.058785 0.108005 0.000000) (0.000000 0.000000 509.612630)))
(0.068068 ((0.053552 0.115079 0.000000) (0.000000 0.000000 515.086763)))
(0.069069 ((0.047474 0.121442 0.000000) (0.000000 0.000000 520.238642)))
(0.070070 ((0.040645 0.126991 0.000000) (0.000000 0.000000 525.076808)))
(0.071071 ((0.033174 0.131640 0.000000) (0.000000 0.000000 529.610322)))
(0.072072 ((0.025178 0.135315 0.000000) (0.000000 0.000000 533.849699)))
(0.073073 ((0.016785 0.137958 0.000000) (0.000000 0.000000 537.808334)))
(0.074074 ((0.008127 0.139527 0.000000) (0.000000 0.000000 541.504465)))
(0.075075 ((-0.000660 0.139997 0.000000) (0.000000 0.000000 544.963718)))
(0.076076 ((-0.009437 0.139361 0.000000) (0.000000 0.000000 548.222198)))
(0.077077 ((-0.018064 0.137629 0.000000) (0.000000 0.000000 551.329993)))
(0.078078 ((-0.026406 0.134828 0.000000) (0.000000 0.000000 554.354729)))
(0.079079 ((-0.034331 0.131003 0.000000) (0.000000 0.000000 557.384460)))
(0.080080 ((-0.041713 0.126214 0.000000) (0.000000 0.000000 560.528737)))
(0.081081 ((-0.048436 0.120537 0.000000) (0.000000 0.000000 563.916309)))
(0.082082 ((-0.054393 0.114061 0.000000) (0.000000 0.000000 567.687836)))
(0.083083 ((-0.059491 0.106889 0.000000) (0.000000 0.000000 571.982957)))
(0.084084 ((-0.063649 0.099134 0.000000) (0.000000 0.000000 576.923111)))
(0.085085 ((-0.066801 0.090918 0.000000) (0.000000 0.000000 582.594357)))
(0.086086 ((-0.068898 0.082372 0.000000) (0.000000 0.000000 589.035905)))
(0.087087 ((-0.069906 0.073631 0.000000) (0.000000 0.000000 596.238498)))
(0.088088 ((-0.069809 0.064832 0.000000) (0.000000 0.000000 604.152456)))
(0.089089 ((-0.068609 0.056114 0.000000) (0.000000 0.000000 612.701274)))
(0.090090 ((-0.066325 0.047617 0.000000) (0.000000 0.000000 621.795623)))
(0.091091 ((-0.062993 0.039472 0.000000) (0.000000 0.000000 631.344276)))
(0.092092 ((-0.058665 0.031811 0.000000) (0.000000 0.000000 641.260916)))
(0.093093 ((-0.053410 0.024752 0.000000) (0.000000 0.000000 651.467370)))
(0.094094 ((-0.047312 0.018409 0.000000) (0.000000 0.000000 661.894418)))
(0.095095 ((-0.040465 0.012881 0.000000) (0.000000 0.000000 672.481210)))
(0.096096 ((-0.032980 0.008256 0.000000) (0.000000 0.000000 683.174062)))
(0.097097 ((-0.024973 0.004606 0.000000) (0.000000 0.000000 693.925053)))
(0.098098 ((-0.016571 0.001990 0.000000) (0.000000 0.000000 704.690685)))
(0.099099 ((-0.007908 0.000448 0.000000) (0.000000 0.000000 715.430707)))
(0.100100 ((0.000880 0.000006 0.000000) (0.000000 0.000000 726.107165)))
(0.101101 ((0.009655 0.000669 0.000000) (0.000000 0.000000 736.683689)))
(0.102102 ((0.018277 0.002428 0.000000) (0.000000 0.000000 747.125036)))
(0.103103 ((0.026610 0.005255 0.000000) (0.000000 0.000000 757.396900)))
(0.104104 ((0.034522 0.009105 0.000000) (0.000000 0.000000 767.465988)))
(0.105105 ((0.041889 0.013917 0.000000) (0.000000 0.000000 777.300375)))
(0.106106 ((0.048594 0.019616 0.000000) (0.000000 0.000000 786.870079)))
(0.107107 ((0.054532 0.026110 0.000000) (0.000000 0.000000 796.147821)))
(0.108108 ((0.059607 0.033298 0.000000) (0.000000 0.000000 805.109855)))
(0.109109 ((0.063741 0.041067 0.000000) (0.000000 0.000000 813.736728)))
(0.110110 ((0.066867 0.049292 0.000000) (0.000000 0.000000 822.013842)))
(0.111111 ((0.068937 0.057845 0.000000) (0.000000 0.000000 829.931676)))
(0.112112 ((0.069917 0.066589 0.000000) (0.000000 0.000000 837.485632)))
(0.113113 ((0.069792 0.075388 0.000000) (0.000000 0.000000 844.675494)))
(0.114114 ((0.068565 0.084101 0.000000) (0.000000 0.000000 851.504608)))
(0.115115 ((0.066254 0.092592 0.000000) (0.000000 0.000000 857.978912)))
(0.116116 ((0.062896 0.100725 0.000000) (0.000000 0.000000 864.105966)))
(0.117117 ((0.058545 0.108374 0.000000) (0.000000 0.000000 869.894121)))
(0.118118 ((0.053268 0.115415 0.000000) (0.000000 0.000000 875.351941)))
(0.119119 ((0.047149 0.121739 0.000000) (0.000000 0.000000 880.487929)))
(0.120120 ((0.040286 0.127246 0.000000) (0.000000 0.000000 885.310640)))
(0.121121 ((0.032785 0.131848 0.000000) (0.000000 0.000000 889.829180)))
(0.122122 ((0.024767 0.135472 0.000000) (0.000000 0.000000 894.054170)))
(0.123123 ((0.016357 0.138062 0.000000) (0.000000 0.000000 897.999197)))
(0.124124 ((0.007689 0.139576 0.000000) (0.000000 0.000000 901.682802)))
(0.125125 ((-0.001101 0.139991 0.000000) (0.000000 0.000000 905.131057)))
(0.126126 ((-0.009873 0.139300 0.000000) (0.000000 0.000000 908.380681)))
(0.127127 ((-0.018489 0.137514 0.000000) (0.000000 0.000000 911.482557)))
(0.128128 ((-0.026813 0.134661 0.000000) (0.000000 0.000000 914.505273)))
(0.129129 ((-0.034714 0.130786 0.000000) (0.000000 0.000000 917.537953)))
(0.130130 ((-0.042065 0.125951 0.000000) (0.000000 0.000000 920.691200)))
(0.131131 ((-0.048753 0.120231 0.000000) (0.000000 0.000000 924.094575)))
(0.132132 ((-0.054669 0.113718 0.000000) (0.000000 0.000000 927.889043)))
(0.133133 ((-0.059722 0.106514 0.000000) (0.000000 0.000000 932.213760)))
(0.134134 ((-0.063831 0.098733 0.000000) (0.000000 0.000000 937.188782)))
(0.135135 ((-0.066932 0.090498 0.000000) (0.000000 0.000000 942.898026)))
(0.136136 ((-0.068974 0.081939 0.000000) (0.000000 0.000000 949.378229)))
(0.137137 ((-0.069927 0.073191 0.000000) (0.000000 0.000000 956.617853)))
(0.138138 ((-0.069775 0.064393 0.000000) (0.000000 0.000000 964.565531)))
(0.139139 ((-0.068520 0.055683 0.000000) (0.000000 0.000000 973.143801)))
(0.140140 ((-0.066183 0.047200 0.000000) (0.000000 0.000000 982.263011)))
(0.141141 ((-0.062799 0.039077 0.000000) (0.000000 0.000000 991.832054)))
(0.142142 ((-0.058424 0.031443 0.000000) (0.000000 0.000000 1001.764967)))
(0.143143 ((-0.053125 0.024417 0.000000) (0.000000 0.000000 1011.984022)))
(0.144144 ((-0.046986 0.018113 0.000000) (0.000000 0.000000 1022.420436)))
(0.145145 ((-0.040105 0.012628 0.000000) (0.000000 0.000000 1033.013753)))
(0.146146 ((-0.032591 0.008050 0.000000) (0.000000 0.000000 1043.710608)))
(0.147147 ((-0.024561 0.004450 0.000000) (0.000000 0.000000 1054.463333)))
(0.148148 ((-0.016143 0.001887 0.000000) (0.000000 0.000000 1065.228617)))
(0.149149 ((-0.007470 0.000400 0.000000) (0.000000 0.000000 1075.966347)))
(0.150150 ((0.001321 0.000012 0.000000) (0.000000 0.000000 1086.638662)))
(0.151151 ((0.010091 0.000731 0.000000) (0.000000 0.000000 1097.209256)))
(0.152152 ((0.018701 0.002544 0.000000) (0.000000 0.000000 1107.642936)))
(0.153153 ((0.027016 0.005424 0.000000) (0.000000 0.000000 1117.905442)))
(0.154154 ((0.034905 0.009323 0.000000) (0.000000 0.000000 1127.963540)))
(0.155155 ((0.042241 0.014182 0.000000) (0.000000 0.000000 1137.785386)))
(0.156156 ((0.048910 0.019922 0.000000) (0.000000 0.000000 1147.341113)))
(0.157157 ((0.054807 0.026454 0.000000) (0.000000 0.000000 1156.603601)))
(0.158158 ((0.059837 0.033674 0.000000) (0.000000 0.000000 1165.549300)))
(0.159159 ((0.063921 0.041468 0.000000) (0.000000 0.000000 1174.158990)))
(0.160160 ((0.066996 0.049713 0.000000) (0.000000 0.000000 1182.418324)))
(0.161161 ((0.069012 0.058278 0.000000) (0.000000 0.000000 1190.318035)))
(0.162162 ((0.069937 0.067029 0.000000) (0.000000 0.000000 1197.853757)))
(0.163163 ((0.069757 0.075827 0.000000) (0.000000 0.000000 1205.025477)))
(0.164164 ((0.068475 0.084532 0.000000) (0.000000 0.000000 1211.836692)))
(0.165165 ((0.066111 0.093008 0.000000) (0.000000 0.000000 1218.293445)))
(0.166166 ((0.062702 0.101120 0.000000) (0.000000 0.000000 1224.403351)))
(0.167167 ((0.058302 0.108741 0.000000) (0.000000 0.000000 1230.174787)))
(0.168168 ((0.052981 0.115749 0.000000) (0.000000 0.000000 1235.616313)))
(0.169169 ((0.046823 0.122035 0.000000) (0.000000 0.000000 1240.736433)))
(0.170170 ((0.039925 0.127498 0.000000) (0.000000 0.000000 1245.543711)))
(0.171171 ((0.032396 0.132053 0.000000) (0.000000 0.000000 1250.047303)))
(0.172172 ((0.024355 0.135627 0.000000) (0.000000 0.000000 1254.257941)))
(0.173173 ((0.015929 0.138164 0.000000) (0.000000 0.000000 1258.189404)))
(0.174174 ((0.007251 0.139623 0.000000) (0.000000 0.000000 1261.860547)))
(0.175175 ((-0.001541 0.139983 0.000000) (0.000000 0.000000 1265.297896)))
(0.176176 ((-0.010308 0.139237 0.000000) (0.000000 0.000000 1268.538791)))
(0.177177 ((-0.018913 0.137396 0.000000) (0.000000 0.000000 1271.634919)))
(0.178178 ((-0.027219 0.134491 0.000000) (0.000000 0.000000 1274.655838)))
(0.179179 ((-0.035095 0.130567 0.000000) (0.000000 0.000000 1277.691744)))
(0.180180 ((-0.042416 0.125685 0.000000) (0.000000 0.000000 1280.854285)))
(0.181181 ((-0.049068 0.119924 0.000000) (0.000000 0.000000 1284.273820)))
(0.182182 ((-0.054943 0.113373 0.000000) (0.000000 0.000000 1288.091580)))
(0.183183 ((-0.059951 0.106138 0.000000) (0.000000 0.000000 1292.446197)))
(0.184184 ((-0.064011 0.098331 0.000000) (0.000000 0.000000 1297.456299)))
(0.185185 ((-0.067059 0.090076 0.000000) (0.000000 0.000000 1303.203634)))
(0.186186 ((-0.069048 0.081505 0.000000) (0.000000 0.000000 1309.722460)))
(0.187187 ((-0.069946 0.072751 0.000000) (0.000000 0.000000 1316.998984)))
(0.188188 ((-0.069738 0.063954 0.000000) (0.000000 0.000000 1324.980185)))
(0.189189 ((-0.068429 0.055253 0.000000) (0.000000 0.000000 1333.587679)))
(0.190190 ((-0.066038 0.046784 0.000000) (0.000000 0.000000 1342.731523)))
(0.191191 ((-0.062604 0.038683 0.000000) (0.000000 0.000000 1352.320740)))
(0.192192 ((-0.058180 0.031076 0.000000) (0.000000 0.000000 1362.269732)))
(0.193193 ((-0.052837 0.024084 0.000000) (0.000000 0.000000 1372.501215)))
(0.194194 ((-0.046659 0.017818 0.000000) (0.000000 0.000000 1382.946846)))
(0.195195 ((-0.039744 0.012377 0.000000) (0.000000 0.000000 1393.546554)))
(0.196196 ((-0.032200 0.007846 0.000000) (0.000000 0.000000 1404.247293)))
(0.197197 ((-0.024148 0.004297 0.000000) (0.000000 0.000000 1415.001644)))
(0.198198 ((-0.015714 0.001787 0.000000) (0.000000 0.000000 1425.766481)))
(0.199199 ((-0.007032 0.000354 0.000000) (0.000000 0.000000 1436.501824)))
(0.200200 ((0.001761 0.000022 0.000000) (0.000000 0.000000 1447.169904)))
(0.201201 ((0.010526 0.000796 0.000000) (0.000000 0.000000 1457.734480)))
(0.202202 ((0.019125 0.002663 0.000000) (0.000000 0.000000 1468.160407)))
(0.203203 ((0.027422 0.005595 0.000000) (0.000000 0.000000 1478.413472)))
(0.204204 ((0.035285 0.009544 0.000000) (0.000000 0.000000 1488.460501)))
(0.205205 ((0.042591 0.014448 0.000000) (0.000000 0.000000 1498.269731)))
(0.206206 ((0.049224 0.020231 0.000000) (0.000000 0.000000 1507.811414)))
(0.207207 ((0.055079 0.026800 0.000000) (0.000000 0.000000 1517.058588)))
(0.208208 ((0.060064 0.034051 0.000000) (0.000000 0.000000 1525.987905)))
(0.209209 ((0.064099 0.041871 0.000000) (0.000000 0.000000 1534.580376)))
(0.210210 ((0.067122 0.050135 0.000000) (0.000000 0.000000 1542.821906)))
(0.211211 ((0.069084 0.058713 0.000000) (0.000000 0.000000 1550.703482)))
(0.212212 ((0.069954 0.067469 0.000000) (0.000000 0.000000 1558.220972)))
(0.213213 ((0.069719 0.076265 0.000000) (0.000000 0.000000 1565.374558)))
(0.214214 ((0.068382 0.084963 0.000000) (0.000000 0.000000 1572.167890)))
(0.215215 ((0.065965 0.093423 0.000000) (0.000000 0.000000 1578.607110)))
(0.216216 ((0.062505 0.101514 0.000000) (0.000000 0.000000 1584.699891)))
(0.217217 ((0.058057 0.109107 0.000000) (0.000000 0.000000 1590.454627)))
(0.218218 ((0.052692 0.116082 0.000000) (0.000000 0.000000 1595.879882)))
(0.219219 ((0.046495 0.122328 0.000000) (0.000000 0.000000 1600.984154)))
(0.220220 ((0.039562 0.127748 0.000000) (0.000000 0.000000 1605.776022)))
(0.221221 ((0.032005 0.132255 0.000000) (0.000000 0.000000 1610.264693)))
(0.222222 ((0.023941 0.135778 0.000000) (0.000000 0.000000 1614.461012)))
(0.223223 ((0.015500 0.138262 0.000000) (0.000000 0.000000 1618.378959)))
(0.224224 ((0.006813 0.139668 0.000000) (0.000000 0.000000 1622.037707)))
(0.225225 ((-0.001981 0.139972 0.000000) (0.000000 0.000000 1625.464241)))
(0.226226 ((-0.010744 0.139171 0.000000) (0.000000 0.000000 1628.696535)))
(0.227227 ((-0.019337 0.137276 0.000000) (0.000000 0.000000 1631.787088)))
(0.228228 ((-0.027624 0.134319 0.000000) (0.000000 0.000000 1634.806435)))
(0.229229 ((-0.035475 0.130345 0.000000) (0.000000 0.000000 1637.845847)))
(0.230230 ((-0.042766 0.125417 0.000000) (0.000000 0.000000 1641.018010)))
(0.231231 ((-0.049381 0.119614 0.000000) (0.000000 0.000000 1644.454060)))
(0.232232 ((-0.055215 0.113027 0.000000) (0.000000 0.000000 1648.295463)))
(0.233233 ((-0.060177 0.105760 0.000000) (0.000000 0.000000 1652.680281)))
(0.234234 ((-0.064188 0.097928 0.000000) (0.000000 0.000000 1657.725670)))
(0.235235 ((-0.067184 0.089654 0.000000) (0.000000 0.000000 1663.511180)))
(0.236236 ((-0.069119 0.081070 0.000000) (0.000000 0.000000 1670.068594)))
(0.237237 ((-0.069962 0.072311 0.000000) (0.000000 0.000000 1677.381881)))
(0.238238 ((-0.069699 0.063516 0.000000) (0.000000 0.000000 1685.396407)))
(0.239239 ((-0.068335 0.054822 0.000000) (0.000000 0.000000 1694.032899)))
(0.240240 ((-0.065891 0.046369 0.000000) (0.000000 0.000000 1703.201147)))
(0.241241 ((-0.062405 0.038289 0.000000) (0.000000 0.000000 1712.810323)))
(0.242242 ((-0.057934 0.030711 0.000000) (0.000000 0.000000 1722.775200)))
(0.243243 ((-0.052547 0.023753 0.000000) (0.000000 0.000000 1733.018941)))
(0.244244 ((-0.046330 0.017526 0.000000) (0.000000 0.000000 1743.473639)))
(0.245245 ((-0.039381 0.012128 0.000000) (0.000000 0.000000 1754.079606)))
(0.246246 ((-0.031809 0.007645 0.000000) (0.000000 0.000000 1764.784111)))
(0.247247 ((-0.023735 0.004147 0.000000) (0.000000 0.000000 1775.539980)))
(0.248248 ((-0.015285 0.001689 0.000000) (0.000000 0.000000 1786.304270)))
(0.249249 ((-0.006594 0.000311 0.000000) (0.000000 0.000000 1797.037132)))
(0.250250 ((0.002201 0.000035 0.000000) (0.000000 0.000000 1807.700887)))
(0.251251 ((0.010961 0.000864 0.000000) (0.000000 0.000000 1818.259358)))
(0.252252 ((0.019548 0.002785 0.000000) (0.000000 0.000000 1828.677447)))
(0.253253 ((0.027827 0.005769 0.000000) (0.000000 0.000000 1838.920988)))
(0.254254 ((0.035665 0.009767 0.000000) (0.000000 0.000000 1848.956867)))
(0.255255 ((0.042940 0.014717 0.000000) (0.000000 0.000000 1858.753406)))
(0.256256 ((0.049536 0.020541 0.000000) (0.000000 0.000000 1868.280977)))
(0.257257 ((0.055350 0.027147 0.000000) (0.000000 0.000000 1877.512780)))
(0.258258 ((0.060289 0.034430 0.000000) (0.000000 0.000000 1886.425666)))
(0.259259 ((0.064275 0.042274 0.000000) (0.000000 0.000000 1895.000883)))
(0.260260 ((0.067246 0.050557 0.000000) (0.000000 0.000000 1903.224587)))
(0.261261 ((0.069154 0.059147 0.000000) (0.000000 0.000000 1911.088018)))
(0.262262 ((0.069969 0.067909 0.000000) (0.000000 0.000000 1918.587276)))
(0.263263 ((0.069678 0.076704 0.000000) (0.000000 0.000000 1925.722738)))
(0.264264 ((0.068287 0.085392 0.000000) (0.000000 0.000000 1932.498202)))
(0.265265 ((0.065816 0.093838 0.000000) (0.000000 0.000000 1938.919909)))
(0.266266 ((0.062305 0.101907 0.000000) (0.000000 0.000000 1944.995585)))
(0.267267 ((0.057810 0.109471 0.000000) (0.000000 0.000000 1950.733644)))
(0.268268 ((0.052401 0.116412 0.000000) (0.000000 0.000000 1956.142649)))
(0.269269 ((0.046165 0.122620 0.000000) (0.000000 0.000000 1961.231095)))
(0.270270 ((0.039198 0.127996 0.000000) (0.000000 0.000000 1966.007575)))
(0.271271 ((0.031613 0.132455 0.000000) (0.000000 0.000000 1970.481352)))
(0.272272 ((0.023527 0.135928 0.000000) (0.000000 0.000000 1974.663386)))
(0.273273 ((0.015070 0.138359 0.000000) (0.000000 0.000000 1978.567865)))
(0.274274 ((0.006375 0.139709 0.000000) (0.000000 0.000000 1982.214283)))
(0.275275 ((-0.002421 0.139958 0.000000) (0.000000 0.000000 1985.630098)))
(0.276276 ((-0.011179 0.139102 0.000000) (0.000000 0.000000 1988.853922)))
(0.277277 ((-0.019760 0.137153 0.000000) (0.000000 0.000000 1991.939076)))
(0.278278 ((-0.028028 0.134144 0.000000) (0.000000 0.000000 1994.957077)))
(0.279279 ((-0.035854 0.130120 0.000000) (0.000000 0.000000 1998.000278)))
(0.280280 ((-0.043114 0.125147 0.000000) (0.000000 0.000000 2001.182393)))
(0.281281 ((-0.049692 0.119303 0.000000) (0.000000 0.000000 2004.635314)))
(0.282282 ((-0.055484 0.112679 0.000000) (0.000000 0.000000 2008.500708)))
(0.283283 ((-0.060400 0.105381 0.000000) (0.000000 0.000000 2012.916024)))
(0.284284 ((-0.064362 0.097523 0.000000) (0.000000 0.000000 2017.996901)))
(0.285285 ((-0.067306 0.089231 0.000000) (0.000000 0.000000 2023.820667)))
(0.286286 ((-0.069187 0.080635 0.000000) (0.000000 0.000000 2030.416625)))
(0.287287 ((-0.069975 0.071871 0.000000) (0.000000 0.000000 2037.766536)))
(0.288288 ((-0.069657 0.063077 0.000000) (0.000000 0.000000 2045.814186)))
(0.289289 ((-0.068238 0.054393 0.000000) (0.000000 0.000000 2054.479449)))
(0.290290 ((-0.065741 0.045955 0.000000) (0.000000 0.000000 2063.671871)))
(0.291291 ((-0.062205 0.037898 0.000000) (0.000000 0.000000 2073.300794)))
(0.292292 ((-0.057686 0.030347 0.000000) (0.000000 0.000000 2083.281365)))
(0.293293 ((-0.052255 0.023423 0.000000) (0.000000 0.000000 2093.537194)))
(0.294294 ((-0.045999 0.017235 0.000000) (0.000000 0.000000 2104.000809)))
(0.295295 ((-0.039016 0.011881 0.000000) (0.000000 0.000000 2114.612903)))
(0.296296 ((-0.031416 0.007446 0.000000) (0.000000 0.000000 2125.321057)))
(0.297297 ((-0.023320 0.003999 0.000000) (0.000000 0.000000 2136.078336)))
(0.298298 ((-0.014855 0.001594 0.000000) (0.000000 0.000000 2146.841980)))
(0.299299 ((-0.006156 0.000271 0.000000) (0.000000 0.000000 2157.572267)))
(0.300300 ((0.002641 0.000050 0.000000) (0.000000 0.000000 2168.231607)))
(0.301301 ((0.011396 0.000934 0.000000) (0.000000 0.000000 2178.783884)))
(0.302302 ((0.019971 0.002909 0.000000) (0.000000 0.000000 2189.194049)))
(0.303303 ((0.028230 0.005945 0.000000) (0.000000 0.000000 2199.427984)))
(0.304304 ((0.036043 0.009993 0.000000) (0.000000 0.000000 2209.452634)))
(0.305305 ((0.043287 0.014989 0.000000) (0.000000 0.000000 2219.236408)))
(0.306306 ((0.049846 0.020854 0.000000) (0.000000 0.000000 2228.749800)))
(0.307307 ((0.055618 0.027496 0.000000) (0.000000 0.000000 2237.966173)))
(0.308308 ((0.060511 0.034809 0.000000) (0.000000 0.000000 2246.862582)))
(0.309309 ((0.064448 0.042679 0.000000) (0.000000 0.000000 2255.420510)))
(0.310310 ((0.067367 0.050981 0.000000) (0.000000 0.000000 2263.626367)))
(0.311311 ((0.069220 0.059582 0.000000) (0.000000 0.000000 2271.471643)))
(0.312312 ((0.069981 0.068349 0.000000) (0.000000 0.000000 2278.952670)))
(0.313313 ((0.069635 0.077142 0.000000) (0.000000 0.000000 2286.070017)))
(0.314314 ((0.068189 0.085822 0.000000) (0.000000 0.000000 2292.827629)))
(0.315315 ((0.065665 0.094251 0.000000) (0.000000 0.000000 2299.231843)))
(0.316316 ((0.062104 0.102298 0.000000) (0.000000 0.000000 2305.290435)))
(0.317317 ((0.057561 0.109834 0.000000) (0.000000 0.000000 2311.011839)))
(0.318318 ((0.052109 0.116741 0.000000) (0.000000 0.000000 2316.404614)))
(0.319319 ((0.045833 0.122909 0.000000) (0.000000 0.000000 2321.477255)))
(0.320320 ((0.038833 0.128241 0.000000) (0.000000 0.000000 2326.238371)))
(0.321321 ((0.031219 0.132653 0.000000) (0.000000 0.000000 2330.697281)))
(0.322322 ((0.023112 0.136074 0.000000) (0.000000 0.000000 2334.865065)))
(0.323323 ((0.014640 0.138452 0.000000) (0.000000 0.000000 2338.756124)))
(0.324324 ((0.005937 0.139748 0.000000) (0.000000 0.000000 2342.390280)))
(0.325325 ((-0.002861 0.139942 0.000000) (0.000000 0.000000 2345.795471)))
(0.326326 ((-0.011613 0.139030 0.000000) (0.000000 0.000000 2349.010957)))
(0.327327 ((-0.020182 0.137028 0.000000) (0.000000 0.000000 2352.090890)))
(0.328328 ((-0.028431 0.133966 0.000000) (0.000000 0.000000 2355.107779)))
(0.329329 ((-0.036232 0.129894 0.000000) (0.000000 0.000000 2358.155053)))
(0.330330 ((-0.043460 0.124875 0.000000) (0.000000 0.000000 2361.347451)))
(0.331331 ((-0.050001 0.118989 0.000000) (0.000000 0.000000 2364.817601)))
(0.332332 ((-0.055752 0.112329 0.000000) (0.000000 0.000000 2368.707333)))
(0.333333 ((-0.060622 0.105000 0.000000) (0.000000 0.000000 2373.153439)))
(0.334334 ((-0.064534 0.097118 0.000000) (0.000000 0.000000 2378.269999)))
(0.335335 ((-0.067426 0.088808 0.000000) (0.000000 0.000000 2384.132094)))
(0.336336 ((-0.069253 0.080200 0.000000) (0.000000 0.000000 2390.766550)))
(0.337337 ((-0.069985 0.071431 0.000000) (0.000000 0.000000 2398.152941)))
(0.338338 ((-0.069612 0.062639 0.000000) (0.000000 0.000000 2406.233511)))
(0.339339 ((-0.068138 0.053964 0.000000) (0.000000 0.000000 2414.927316)))
(0.340340 ((-0.065588 0.045542 0.000000) (0.000000 0.000000 2424.143686)))
(0.341341 ((-0.062002 0.037507 0.000000) (0.000000 0.000000 2433.792143)))
(0.342342 ((-0.057435 0.029985 0.000000) (0.000000 0.000000 2443.788215)))
(0.343343 ((-0.051961 0.023096 0.000000) (0.000000 0.000000 2454.055964)))
(0.344344 ((-0.045666 0.016947 0.000000) (0.000000 0.000000 2464.528349)))
(0.345345 ((-0.038649 0.011637 0.000000) (0.000000 0.000000 2475.146440)))
(0.346346 ((-0.031022 0.007249 0.000000) (0.000000 0.000000 2485.858124)))
(0.347347 ((-0.022904 0.003853 0.000000) (0.000000 0.000000 2496.616708)))
(0.348348 ((-0.014425 0.001502 0.000000) (0.000000 0.000000 2507.379607)))
(0.349349 ((-0.005717 0.000234 0.000000) (0.000000 0.000000 2518.107224)))
(0.350350 ((0.003081 0.000068 0.000000) (0.000000 0.000000 2528.762059)))
(0.351351 ((0.011830 0.001007 0.000000) (0.000000 0.000000 2539.308055)))
(0.352352 ((0.020392 0.003036 0.000000) (0.000000 0.000000 2549.710211)))
(0.353353 ((0.028632 0.006124 0.000000) (0.000000 0.000000 2559.934456)))
(0.354354 ((0.036420 0.010220 0.000000) (0.000000 0.000000 2569.947798)))
(0.355355 ((0.043632 0.015262 0.000000) (0.000000 0.000000 2579.718734)))
(0.356356 ((0.050154 0.021168 0.000000) (0.000000 0.000000 2589.217880)))
(0.357357 ((0.055885 0.027846 0.000000) (0.000000 0.000000 2598.418766)))
(0.358358 ((0.060731 0.035191 0.000000) (0.000000 0.000000 2607.298651)))
(0.359359 ((0.064619 0.043085 0.000000) (0.000000 0.000000 2615.839255)))
(0.360360 ((0.067485 0.051405 0.000000) (0.000000 0.000000 2624.027244)))
(0.361361 ((0.069285 0.060018 0.000000) (0.000000 0.000000 2631.854357)))
(0.362362 ((0.069990 0.068789 0.000000) (0.000000 0.000000 2639.317154)))
(0.363363 ((0.069588 0.077579 0.000000) (0.000000 0.000000 2646.416397)))
(0.364364 ((0.068088 0.086250 0.000000) (0.000000 0.000000 2653.156173)))
(0.365365 ((0.065511 0.094664 0.000000) (0.000000 0.000000 2659.542912)))
(0.366366 ((0.061899 0.102688 0.000000) (0.000000 0.000000 2665.584442)))
(0.367367 ((0.057309 0.110195 0.000000) (0.000000 0.000000 2671.289211)))
(0.368368 ((0.051814 0.117068 0.000000) (0.000000 0.000000 2676.665778)))
(0.369369 ((0.045499 0.123196 0.000000) (0.000000 0.000000 2681.722636)))
(0.370370 ((0.038466 0.128484 0.000000) (0.000000 0.000000 2686.468411)))
(0.371371 ((0.030825 0.132848 0.000000) (0.000000 0.000000 2690.912481)))
(0.372372 ((0.022696 0.136218 0.000000) (0.000000 0.000000 2695.066052)))
(0.373373 ((0.014209 0.138543 0.000000) (0.000000 0.000000 2698.943738)))
(0.374374 ((0.005498 0.139784 0.000000) (0.000000 0.000000 2702.565703)))
(0.375375 ((-0.003301 0.139922 0.000000) (0.000000 0.000000 2705.960367)))
(0.376376 ((-0.012047 0.138956 0.000000) (0.000000 0.000000 2709.167651)))
(0.377377 ((-0.020603 0.136899 0.000000) (0.000000 0.000000 2712.242543)))
(0.378378 ((-0.028833 0.133786 0.000000) (0.000000 0.000000 2715.258551)))
(0.379379 ((-0.036608 0.129665 0.000000) (0.000000 0.000000 2718.310186)))
(0.380380 ((-0.043804 0.124601 0.000000) (0.000000 0.000000 2721.513200)))
(0.381381 ((-0.050308 0.118674 0.000000) (0.000000 0.000000 2725.000937)))
(0.382382 ((-0.056017 0.111978 0.000000) (0.000000 0.000000 2728.915354)))
(0.383383 ((-0.060841 0.104618 0.000000) (0.000000 0.000000 2733.392539)))
(0.384384 ((-0.064703 0.096712 0.000000) (0.000000 0.000000 2738.544972)))
(0.385385 ((-0.067543 0.088383 0.000000) (0.000000 0.000000 2744.445462)))
(0.386386 ((-0.069316 0.079764 0.000000) (0.000000 0.000000 2751.118362)))
(0.387387 ((-0.069993 0.070991 0.000000) (0.000000 0.000000 2758.541086)))
(0.388388 ((-0.069564 0.062202 0.000000) (0.000000 0.000000 2766.654371)))
(0.389389 ((-0.068036 0.053536 0.000000) (0.000000 0.000000 2775.376489)))
(0.390390 ((-0.065433 0.045130 0.000000) (0.000000 0.000000 2784.616580)))
(0.391391 ((-0.061796 0.037118 0.000000) (0.000000 0.000000 2794.284358)))
(0.392392 ((-0.057182 0.029625 0.000000) (0.000000 0.000000 2804.295743)))
(0.393393 ((-0.051665 0.022770 0.000000) (0.000000 0.000000 2814.575244)))
(0.394394 ((-0.045332 0.016661 0.000000) (0.000000 0.000000 2825.056251)))
(0.395395 ((-0.038282 0.011395 0.000000) (0.000000 0.000000 2835.680209)))
(0.396396 ((-0.030627 0.007056 0.000000) (0.000000 0.000000 2846.395308)))
(0.397397 ((-0.022488 0.003711 0.000000) (0.000000 0.000000 2857.155090)))
(0.398398 ((-0.013994 0.001413 0.000000) (0.000000 0.000000 2867.917144)))
(0.399399 ((-0.005278 0.000199 0.000000) (0.000000 0.000000 2878.641999)))
(0.400400 ((0.003520 0.000089 0.000000) (0.000000 0.000000 2889.292238)))
(0.401401 ((0.012264 0.001083 0.000000) (0.000000 0.000000 2899.831866)))
(0.402402 ((0.020813 0.003166 0.000000) (0.000000 0.000000 2910.225928)))
(0.403403 ((0.029033 0.006305 0.000000) (0.000000 0.000000 2920.440401)))
(0.404404 ((0.036795 0.010451 0.000000) (0.000000 0.000000 2930.442356)))
(0.405405 ((0.043975 0.015537 0.000000) (0.000000 0.000000 2940.200379)))
(0.406406 ((0.050461 0.021485 0.000000) (0.000000 0.000000 2949.685214)))
(0.407407 ((0.056149 0.028199 0.000000) (0.000000 0.000000 2958.870555)))
(0.408408 ((0.060949 0.035573 0.000000) (0.000000 0.000000 2967.733870)))
(0.409409 ((0.064787 0.043492 0.000000) (0.000000 0.000000 2976.257119)))
(0.410410 ((0.067600 0.051829 0.000000) (0.000000 0.000000 2984.427217)))
(0.411411 ((0.069346 0.060454 0.000000) (0.000000 0.000000 2992.236158)))
(0.412412 ((0.069996 0.069229 0.000000) (0.000000 0.000000 2999.680729)))
(0.413413 ((0.069539 0.078017 0.000000) (0.000000 0.000000 3006.761878)))
(0.414414 ((0.067984 0.086678 0.000000) (0.000000 0.000000 3013.483834)))
(0.415415 ((0.065355 0.095075 0.000000) (0.000000 0.000000 3019.853118)))
(0.416416 ((0.061692 0.103076 0.000000) (0.000000 0.000000 3025.877607)))
(0.417417 ((0.057055 0.110555 0.000000) (0.000000 0.000000 3031.565764)))
(0.418418 ((0.051516 0.117393 0.000000) (0.000000 0.000000 3036.926144)))
(0.419419 ((0.045164 0.123481 0.000000) (0.000000 0.000000 3041.967240)))
(0.420420 ((0.038097 0.128725 0.000000) (0.000000 0.000000 3046.697696)))
(0.421421 ((0.030429 0.133040 0.000000) (0.000000 0.000000 3051.126954)))
(0.422422 ((0.022279 0.136360 0.000000) (0.000000 0.000000 3055.266347)))
(0.423423 ((0.013778 0.138631 0.000000) (0.000000 0.000000 3059.130712)))
(0.424424 ((0.005059 0.139817 0.000000) (0.000000 0.000000 3062.740555)))
(0.425425 ((-0.003740 0.139900 0.000000) (0.000000 0.000000 3066.124792)))
(0.426426 ((-0.012480 0.138878 0.000000) (0.000000 0.000000 3069.324009)))
(0.427427 ((-0.021023 0.136769 0.000000) (0.000000 0.000000 3072.394044)))
(0.428428 ((-0.029234 0.133603 0.000000) (0.000000 0.000000 3075.409409)))
(0.429429 ((-0.036982 0.129433 0.000000) (0.000000 0.000000 3078.465695)))
(0.430430 ((-0.044146 0.124324 0.000000) (0.000000 0.000000 3081.679660)))
(0.431431 ((-0.050613 0.118356 0.000000) (0.000000 0.000000 3085.185341)))
(0.432432 ((-0.056280 0.111624 0.000000) (0.000000 0.000000 3089.124787)))
(0.433433 ((-0.061057 0.104235 0.000000) (0.000000 0.000000 3093.633335)))
(0.434434 ((-0.064870 0.096304 0.000000) (0.000000 0.000000 3098.821825)))
(0.435435 ((-0.067657 0.087958 0.000000) (0.000000 0.000000 3104.760771)))
(0.436436 ((-0.069376 0.079328 0.000000) (0.000000 0.000000 3111.472056)))
(0.437437 ((-0.069998 0.070551 0.000000) (0.000000 0.000000 3118.930962)))
(0.438438 ((-0.069514 0.061764 0.000000) (0.000000 0.000000 3127.076755)))
(0.439439 ((-0.067931 0.053108 0.000000) (0.000000 0.000000 3135.826957)))
(0.440440 ((-0.065275 0.044719 0.000000) (0.000000 0.000000 3145.090542)))
(0.441441 ((-0.061588 0.036730 0.000000) (0.000000 0.000000 3154.777431)))
(0.442442 ((-0.056927 0.029266 0.000000) (0.000000 0.000000 3164.803939)))
(0.443443 ((-0.051367 0.022446 0.000000) (0.000000 0.000000 3175.095026)))
(0.444444 ((-0.044995 0.016377 0.000000) (0.000000 0.000000 3185.584510)))
(0.445445 ((-0.037912 0.011156 0.000000) (0.000000 0.000000 3196.214205)))
(0.446446 ((-0.030230 0.006864 0.000000) (0.000000 0.000000 3206.932603)))
(0.447447 ((-0.022071 0.003570 0.000000) (0.000000 0.000000 3217.693477)))
(0.448448 ((-0.013562 0.001326 0.000000) (0.000000 0.000000 3228.454589)))
(0.449449 ((-0.004839 0.000167 0.000000) (0.000000 0.000000 3239.176587)))
(0.450450 ((0.003960 0.000112 0.000000) (0.000000 0.000000 3249.822141)))
(0.451451 ((0.012697 0.001161 0.000000) (0.000000 0.000000 3260.355313)))
(0.452452 ((0.021233 0.003298 0.000000) (0.000000 0.000000 3270.741195)))
(0.453453 ((0.029433 0.006489 0.000000) (0.000000 0.000000 3280.945814)))
(0.454454 ((0.037169 0.010683 0.000000) (0.000000 0.000000 3290.936304)))
(0.455455 ((0.044317 0.015815 0.000000) (0.000000 0.000000 3300.681341)))
(0.456456 ((0.050765 0.021803 0.000000) (0.000000 0.000000 3310.151798)))
(0.457457 ((0.056410 0.028553 0.000000) (0.000000 0.000000 3319.321538)))
(0.458458 ((0.061164 0.035957 0.000000) (0.000000 0.000000 3328.168239)))
(0.459459 ((0.064952 0.043900 0.000000) (0.000000 0.000000 3336.674098)))
(0.460460 ((0.067713 0.052255 0.000000) (0.000000 0.000000 3344.826287)))
(0.461461 ((0.069405 0.060890 0.000000) (0.000000 0.000000 3352.617048)))
(0.462462 ((0.069999 0.069670 0.000000) (0.000000 0.000000 3360.043394)))
(0.463463 ((0.069488 0.078454 0.000000) (0.000000 0.000000 3367.106460)))
(0.464464 ((0.067878 0.087105 0.000000) (0.000000 0.000000 3373.810612)))
(0.465465 ((0.065196 0.095486 0.000000) (0.000000 0.000000 3380.162463)))
(0.466466 ((0.061483 0.103464 0.000000) (0.000000 0.000000 3386.169932)))
(0.467467 ((0.056799 0.110913 0.000000) (0.000000 0.000000 3391.841497)))
(0.468468 ((0.051217 0.117716 0.000000) (0.000000 0.000000 3397.185711)))
(0.469469 ((0.044826 0.123764 0.000000) (0.000000 0.000000 3402.211066)))
(0.470470 ((0.037727 0.128963 0.000000) (0.000000 0.000000 3406.926229)))
(0.471471 ((0.030032 0.133231 0.000000) (0.000000 0.000000 3411.340702)))
(0.472472 ((0.021862 0.136499 0.000000) (0.000000 0.000000 3415.465954)))
(0.473473 ((0.013346 0.138716 0.000000) (0.000000 0.000000 3419.317048)))
(0.474474 ((0.004620 0.139847 0.000000) (0.000000 0.000000 3422.914841)))
(0.475475 ((-0.004180 0.139875 0.000000) (0.000000 0.000000 3426.288750)))
(0.476476 ((-0.012913 0.138799 0.000000) (0.000000 0.000000 3429.480040)))
(0.477477 ((-0.021442 0.136635 0.000000) (0.000000 0.000000 3432.545404)))
(0.478478 ((-0.029633 0.133418 0.000000) (0.000000 0.000000 3435.560364)))
(0.479479 ((-0.037355 0.129200 0.000000) (0.000000 0.000000 3438.621593)))
(0.480480 ((-0.044487 0.124045 0.000000) (0.000000 0.000000 3441.846847)))
(0.481481 ((-0.050916 0.118037 0.000000) (0.000000 0.000000 3445.370831)))
(0.482482 ((-0.056540 0.111270 0.000000) (0.000000 0.000000 3449.335647)))
(0.483483 ((-0.061271 0.103850 0.000000) (0.000000 0.000000 3453.875840)))
(0.484484 ((-0.065034 0.095896 0.000000) (0.000000 0.000000 3459.100565)))
(0.485485 ((-0.067769 0.087532 0.000000) (0.000000 0.000000 3465.078021)))
(0.486486 ((-0.069433 0.078891 0.000000) (0.000000 0.000000 3471.827627)))
(0.487487 ((-0.070000 0.070110 0.000000) (0.000000 0.000000 3479.322560)))
(0.488488 ((-0.069461 0.061327 0.000000) (0.000000 0.000000 3487.500652)))
(0.489489 ((-0.067824 0.052681 0.000000) (0.000000 0.000000 3496.278708)))
(0.490490 ((-0.065115 0.044309 0.000000) (0.000000 0.000000 3505.565560)))
(0.491491 ((-0.061378 0.036343 0.000000) (0.000000 0.000000 3515.271351)))
(0.492492 ((-0.056670 0.028909 0.000000) (0.000000 0.000000 3525.312795)))
(0.493493 ((-0.051067 0.022124 0.000000) (0.000000 0.000000 3535.615302)))
(0.494494 ((-0.044657 0.016095 0.000000) (0.000000 0.000000 3546.113117)))
(0.495495 ((-0.037542 0.010918 0.000000) (0.000000 0.000000 3556.748421)))
(0.496496 ((-0.029833 0.006675 0.000000) (0.000000 0.000000 3567.470003)))
(0.497497 ((-0.021652 0.003433 0.000000) (0.000000 0.000000 3578.231864)))
(0.498498 ((-0.013130 0.001242 0.000000) (0.000000 0.000000 3588.991935)))
(0.499499 ((-0.004400 0.000138 0.000000) (0.000000 0.000000 3599.710984)))
(0.500501 ((0.004400 0.000138 0.000000) (0.000000 0.000000 3610.351763)))
(0.501502 ((0.013129 0.001242 0.000000) (0.000000 0.000000 3620.878391)))
(0.502503 ((0.021652 0.003433 0.000000) (0.000000 0.000000 3631.256009)))
(0.503504 ((0.029832 0.006675 0.000000) (0.000000 0.000000 3641.450692)))
(0.504505 ((0.037541 0.010918 0.000000) (0.000000 0.000000 3651.429638)))
(0.505506 ((0.044657 0.016095 0.000000) (0.000000 0.000000 3661.161616)))
(0.506507 ((0.051067 0.022123 0.000000) (0.000000 0.000000 3670.617629)))
(0.507508 ((0.056670 0.028908 0.000000) (0.000000 0.000000 3679.771712)))
(0.508509 ((0.061377 0.036343 0.000000) (0.000000 0.000000 3688.601754)))
(0.509510 ((0.065115 0.044309 0.000000) (0.000000 0.000000 3697.090192)))
(0.510511 ((0.067824 0.052681 0.000000) (0.000000 0.000000 3705.224453)))
(0.511512 ((0.069461 0.061327 0.000000) (0.000000 0.000000 3712.997027)))
(0.512513 ((0.070000 0.070110 0.000000) (0.000000 0.000000 3720.405150)))
(0.513514 ((0.069433 0.078891 0.000000) (0.000000 0.000000 3727.450144)))
(0.514515 ((0.067769 0.087532 0.000000) (0.000000 0.000000 3734.136510)))
(0.515516 ((0.065034 0.095895 0.000000) (0.000000 0.000000 3740.470946)))
(0.516517 ((0.061271 0.103850 0.000000) (0.000000 0.000000 3746.461416)))
(0.517518 ((0.056541 0.111269 0.000000) (0.000000 0.000000 3752.116411)))
(0.518519 ((0.050916 0.118037 0.000000) (0.000000 0.000000 3757.444481)))
(0.519520 ((0.044487 0.124045 0.000000) (0.000000 0.000000 3762.454117)))
(0.520521 ((0.037356 0.129199 0.000000) (0.000000 0.000000 3767.154008)))
(0.521522 ((0.029633 0.133418 0.000000) (0.000000 0.000000 3771.553726)))
(0.522523 ((0.021443 0.136635 0.000000) (0.000000 0.000000 3775.664874)))
(0.523524 ((0.012914 0.138799 0.000000) (0.000000 0.000000 3779.502749)))
(0.524525 ((0.004180 0.139875 0.000000) (0.000000 0.000000 3783.088564)))
(0.525526 ((-0.004619 0.139847 0.000000) (0.000000 0.000000 3786.452249)))
(0.526527 ((-0.013346 0.138716 0.000000) (0.000000 0.000000 3789.635753)))
(0.527528 ((-0.021861 0.136499 0.000000) (0.000000 0.000000 3792.696634)))
(0.528529 ((-0.030031 0.133231 0.000000) (0.000000 0.000000 3795.711430)))
(0.529530 ((-0.037727 0.128963 0.000000) (0.000000 0.000000 3798.777898)))
(0.530531 ((-0.044826 0.123764 0.000000) (0.000000 0.000000 3802.014780)))
(0.531532 ((-0.051217 0.117716 0.000000) (0.000000 0.000000 3805.557424)))
(0.532533 ((-0.056799 0.110913 0.000000) (0.000000 0.000000 3809.547952)))
(0.533534 ((-0.061483 0.103464 0.000000) (0.000000 0.000000 3814.120064)))
(0.534535 ((-0.065195 0.095486 0.000000) (0.000000 0.000000 3819.381197)))
(0.535536 ((-0.067878 0.087106 0.000000) (0.000000 0.000000 3825.397211)))
(0.536537 ((-0.069488 0.078455 0.000000) (0.000000 0.000000 3832.185068)))
(0.537538 ((-0.069999 0.069670 0.000000) (0.000000 0.000000 3839.715870)))
(0.538539 ((-0.069405 0.060891 0.000000) (0.000000 0.000000 3847.926050)))
(0.539540 ((-0.067714 0.052255 0.000000) (0.000000 0.000000 3856.731731)))
(0.540541 ((-0.064952 0.043900 0.000000) (0.000000 0.000000 3866.041625)))
(0.541542 ((-0.061165 0.035958 0.000000) (0.000000 0.000000 3875.766108)))
(0.542543 ((-0.056411 0.028553 0.000000) (0.000000 0.000000 3885.822302)))
(0.543544 ((-0.050765 0.021803 0.000000) (0.000000 0.000000 3896.136065)))
(0.544545 ((-0.044317 0.015815 0.000000) (0.000000 0.000000 3906.642067)))
(0.545546 ((-0.037169 0.010683 0.000000) (0.000000 0.000000 3917.282853)))
(0.546547 ((-0.029434 0.006489 0.000000) (0.000000 0.000000 3928.007503)))
(0.547548 ((-0.021233 0.003298 0.000000) (0.000000 0.000000 3938.770246)))
(0.548549 ((-0.012697 0.001161 0.000000) (0.000000 0.000000 3949.529178)))
(0.549550 ((-0.003960 0.000112 0.000000) (0.000000 0.000000 3960.245185)))
(0.550551 ((0.004839 0.000167 0.000000) (0.000000 0.000000 3970.881099)))
(0.551552 ((0.013562 0.001326 0.000000) (0.000000 0.000000 3981.401097)))
(0.552553 ((0.022070 0.003570 0.000000) (0.000000 0.000000 3991.770366)))
(0.553554 ((0.030230 0.006864 0.000000) (0.000000 0.000000 4001.955030)))
(0.554555 ((0.037912 0.011155 0.000000) (0.000000 0.000000 4011.922353)))
(0.555556 ((0.044995 0.016377 0.000000) (0.000000 0.000000 4021.641200)))
(0.556557 ((0.051367 0.022445 0.000000) (0.000000 0.000000 4031.082705)))
(0.557558 ((0.056927 0.029266 0.000000) (0.000000 0.000000 4040.221076)))
(0.558559 ((0.061588 0.036729 0.000000) (0.000000 0.000000 4049.034414)))
(0.559560 ((0.065275 0.044719 0.000000) (0.000000 0.000000 4057.505399)))
(0.560561 ((0.067931 0.053108 0.000000) (0.000000 0.000000 4065.621713)))
(0.561562 ((0.069514 0.061764 0.000000) (0.000000 0.000000 4073.376093)))
(0.562563 ((0.069998 0.070550 0.000000) (0.000000 0.000000 4080.765998)))
(0.563564 ((0.069376 0.079328 0.000000) (0.000000 0.000000 4087.792931)))
(0.564565 ((0.067657 0.087958 0.000000) (0.000000 0.000000 4094.461528)))
(0.565566 ((0.064870 0.096304 0.000000) (0.000000 0.000000 4100.778569)))
(0.566567 ((0.061057 0.104234 0.000000) (0.000000 0.000000 4106.752062)))
(0.567568 ((0.056280 0.111624 0.000000) (0.000000 0.000000 4112.390508)))
(0.568569 ((0.050613 0.118356 0.000000) (0.000000 0.000000 4117.702455)))
(0.569570 ((0.044147 0.124324 0.000000) (0.000000 0.000000 4122.696394)))
(0.570571 ((0.036982 0.129433 0.000000) (0.000000 0.000000 4127.381038)))
(0.571572 ((0.029234 0.133603 0.000000) (0.000000 0.000000 4131.766028)))
(0.572573 ((0.021023 0.136768 0.000000) (0.000000 0.000000 4135.863110)))
(0.573574 ((0.012481 0.138878 0.000000) (0.000000 0.000000 4139.687818)))
(0.574575 ((0.003741 0.139900 0.000000) (0.000000 0.000000 4143.261730)))
(0.575576 ((-0.005058 0.139817 0.000000) (0.000000 0.000000 4146.615295)))
(0.576577 ((-0.013778 0.138631 0.000000) (0.000000 0.000000 4149.791155)))
(0.577578 ((-0.022279 0.136360 0.000000) (0.000000 0.000000 4152.847744)))
(0.578579 ((-0.030428 0.133041 0.000000) (0.000000 0.000000 4155.862621)))
(0.579580 ((-0.038097 0.128725 0.000000) (0.000000 0.000000 4158.934626)))
(0.580581 ((-0.045163 0.123482 0.000000) (0.000000 0.000000 4162.183475)))
(0.581582 ((-0.051516 0.117393 0.000000) (0.000000 0.000000 4165.745139)))
(0.582583 ((-0.057055 0.110555 0.000000) (0.000000 0.000000 4169.761716)))
(0.583584 ((-0.061692 0.103077 0.000000) (0.000000 0.000000 4174.366020)))
(0.584585 ((-0.065354 0.095076 0.000000) (0.000000 0.000000 4179.663727)))
(0.585586 ((-0.067984 0.086678 0.000000) (0.000000 0.000000 4185.718340)))
(0.586587 ((-0.069539 0.078017 0.000000) (0.000000 0.000000 4192.544375)))
(0.587588 ((-0.069996 0.069230 0.000000) (0.000000 0.000000 4200.110883)))
(0.588589 ((-0.069346 0.060454 0.000000) (0.000000 0.000000 4208.352938)))
(0.589590 ((-0.067601 0.051830 0.000000) (0.000000 0.000000 4217.186014)))
(0.590591 ((-0.064787 0.043492 0.000000) (0.000000 0.000000 4226.518724)))
(0.591592 ((-0.060949 0.035574 0.000000) (0.000000 0.000000 4236.261693)))
(0.592593 ((-0.056149 0.028199 0.000000) (0.000000 0.000000 4246.332450)))
(0.593594 ((-0.050461 0.021485 0.000000) (0.000000 0.000000 4256.657307)))
(0.594595 ((-0.043976 0.015538 0.000000) (0.000000 0.000000 4267.171353)))
(0.595596 ((-0.036795 0.010451 0.000000) (0.000000 0.000000 4277.817492)))
(0.596597 ((-0.029034 0.006305 0.000000) (0.000000 0.000000 4288.545098)))
(0.597598 ((-0.020813 0.003166 0.000000) (0.000000 0.000000 4299.308618)))
(0.598599 ((-0.012264 0.001083 0.000000) (0.000000 0.000000 4310.066313)))
(0.599600 ((-0.003521 0.000089 0.000000) (0.000000 0.000000 4320.779185)))
(0.600601 ((0.005278 0.000199 0.000000) (0.000000 0.000000 4331.410145)))
(0.601602 ((0.013993 0.001413 0.000000) (0.000000 0.000000 4341.923426)))
(0.602603 ((0.022487 0.003710 0.000000) (0.000000 0.000000 4352.284261)))
(0.603604 ((0.030626 0.007055 0.000000) (0.000000 0.000000 4362.458824)))
(0.604605 ((0.038281 0.011395 0.000000) (0.000000 0.000000 4372.414447)))
(0.605606 ((0.045331 0.016661 0.000000) (0.000000 0.000000 4382.120091)))
(0.606607 ((0.051665 0.022769 0.000000) (0.000000 0.000000 4391.547022)))
(0.607608 ((0.057182 0.029624 0.000000) (0.000000 0.000000 4400.669626)))
(0.608609 ((0.061796 0.037117 0.000000) (0.000000 0.000000 4409.466217)))
(0.609610 ((0.065433 0.045130 0.000000) (0.000000 0.000000 4417.919719)))
(0.610611 ((0.068036 0.053536 0.000000) (0.000000 0.000000 4426.018067)))
(0.611612 ((0.069564 0.062201 0.000000) (0.000000 0.000000 4433.754247)))
(0.612613 ((0.069993 0.070990 0.000000) (0.000000 0.000000 4441.125938)))
(0.613614 ((0.069316 0.079764 0.000000) (0.000000 0.000000 4448.134822)))
(0.614615 ((0.067543 0.088383 0.000000) (0.000000 0.000000 4454.785666)))
(0.615616 ((0.064703 0.096711 0.000000) (0.000000 0.000000 4461.085334)))
(0.616617 ((0.060841 0.104618 0.000000) (0.000000 0.000000 4467.041871)))
(0.617618 ((0.056017 0.111977 0.000000) (0.000000 0.000000 4472.663789)))
(0.618619 ((0.050308 0.118673 0.000000) (0.000000 0.000000 4477.959634)))
(0.619620 ((0.043804 0.124600 0.000000) (0.000000 0.000000 4482.937897)))
(0.620621 ((0.036608 0.129665 0.000000) (0.000000 0.000000 4487.607317)))
(0.621622 ((0.028833 0.133786 0.000000) (0.000000 0.000000 4491.977610)))
(0.622623 ((0.020603 0.136899 0.000000) (0.000000 0.000000 4496.060664)))
(0.623624 ((0.012047 0.138956 0.000000) (0.000000 0.000000 4499.872258)))
(0.624625 ((0.003301 0.139922 0.000000) (0.000000 0.000000 4503.434342)))
(0.625626 ((-0.005497 0.139784 0.000000) (0.000000 0.000000 4506.777892)))
(0.626627 ((-0.014209 0.138543 0.000000) (0.000000 0.000000 4509.946255)))
(0.627628 ((-0.022696 0.136219 0.000000) (0.000000 0.000000 4512.998745)))
(0.628629 ((-0.030824 0.132848 0.000000) (0.000000 0.000000 4516.013950)))
(0.629630 ((-0.038465 0.128484 0.000000) (0.000000 0.000000 4519.091792)))
(0.630631 ((-0.045499 0.123196 0.000000) (0.000000 0.000000 4522.352950)))
(0.631632 ((-0.051813 0.117068 0.000000) (0.000000 0.000000 4525.933992)))
(0.632633 ((-0.057309 0.110196 0.000000) (0.000000 0.000000 4529.976954)))
(0.633634 ((-0.061899 0.102688 0.000000) (0.000000 0.000000 4534.613719)))
(0.634635 ((-0.065511 0.094664 0.000000) (0.000000 0.000000 4539.948159)))
(0.635636 ((-0.068088 0.086250 0.000000) (0.000000 0.000000 4546.041408)))
(0.636637 ((-0.069588 0.077580 0.000000) (0.000000 0.000000 4552.905539)))
(0.637638 ((-0.069990 0.068790 0.000000) (0.000000 0.000000 4560.507588)))
(0.638639 ((-0.069285 0.060018 0.000000) (0.000000 0.000000 4568.781305)))
(0.639640 ((-0.067485 0.051405 0.000000) (0.000000 0.000000 4577.641545)))
(0.640641 ((-0.064619 0.043085 0.000000) (0.000000 0.000000 4586.996847)))
(0.641642 ((-0.060732 0.035191 0.000000) (0.000000 0.000000 4596.758095)))
(0.642643 ((-0.055885 0.027847 0.000000) (0.000000 0.000000 4606.843232)))
(0.643644 ((-0.050155 0.021169 0.000000) (0.000000 0.000000 4617.179020)))
(0.644645 ((-0.043632 0.015262 0.000000) (0.000000 0.000000 4627.700967)))
(0.645646 ((-0.036420 0.010221 0.000000) (0.000000 0.000000 4638.352335)))
(0.646647 ((-0.028633 0.006124 0.000000) (0.000000 0.000000 4649.082781)))
(0.647648 ((-0.020393 0.003036 0.000000) (0.000000 0.000000 4659.846975)))
(0.648649 ((-0.011830 0.001007 0.000000) (0.000000 0.000000 4670.603336)))
(0.649650 ((-0.003081 0.000068 0.000000) (0.000000 0.000000 4681.312981)))
(0.650651 ((0.005717 0.000234 0.000000) (0.000000 0.000000 4691.938896)))
(0.651652 ((0.014424 0.001502 0.000000) (0.000000 0.000000 4702.445373)))
(0.652653 ((0.022904 0.003853 0.000000) (0.000000 0.000000 4712.797690)))
(0.653654 ((0.031022 0.007249 0.000000) (0.000000 0.000000 4722.962071)))
(0.654655 ((0.038649 0.011637 0.000000) (0.000000 0.000000 4732.905916)))
(0.655656 ((0.045666 0.016947 0.000000) (0.000000 0.000000 4742.598284)))
(0.656657 ((0.051961 0.023095 0.000000) (0.000000 0.000000 4752.010577)))
(0.657658 ((0.057435 0.029985 0.000000) (0.000000 0.000000 4761.117360)))
(0.658659 ((0.062001 0.037507 0.000000) (0.000000 0.000000 4769.897162)))
(0.659660 ((0.065588 0.045542 0.000000) (0.000000 0.000000 4778.333150)))
(0.660661 ((0.068138 0.053964 0.000000) (0.000000 0.000000 4786.413515)))
(0.661662 ((0.069612 0.062639 0.000000) (0.000000 0.000000 4794.131489)))
(0.662663 ((0.069985 0.071430 0.000000) (0.000000 0.000000 4801.484970)))
(0.663664 ((0.069253 0.080199 0.000000) (0.000000 0.000000 4808.475818)))
(0.664665 ((0.067426 0.088807 0.000000) (0.000000 0.000000 4815.108927)))
(0.665666 ((0.064534 0.097118 0.000000) (0.000000 0.000000 4821.391240)))
(0.666667 ((0.060622 0.105000 0.000000) (0.000000 0.000000 4827.330843)))
(0.667668 ((0.055752 0.112329 0.000000) (0.000000 0.000000 4832.936255)))
(0.668669 ((0.050001 0.118989 0.000000) (0.000000 0.000000 4838.216019)))
(0.669670 ((0.043460 0.124875 0.000000) (0.000000 0.000000 4843.178628)))
(0.670671 ((0.036232 0.129894 0.000000) (0.000000 0.000000 4847.832848)))
(0.671672 ((0.028432 0.133966 0.000000) (0.000000 0.000000 4852.188472)))
(0.672673 ((0.020182 0.137028 0.000000) (0.000000 0.000000 4856.257537)))
(0.673674 ((0.011613 0.139030 0.000000) (0.000000 0.000000 4860.056072)))
(0.674675 ((0.002861 0.139942 0.000000) (0.000000 0.000000 4863.606406)))
(0.675676 ((-0.005936 0.139748 0.000000) (0.000000 0.000000 4866.940049)))
(0.676677 ((-0.014640 0.138452 0.000000) (0.000000 0.000000 4870.101061)))
(0.677678 ((-0.023112 0.136075 0.000000) (0.000000 0.000000 4873.149648)))
(0.678679 ((-0.031219 0.132653 0.000000) (0.000000 0.000000 4876.165431)))
(0.679680 ((-0.038832 0.128241 0.000000) (0.000000 0.000000 4879.249412)))
(0.680681 ((-0.045832 0.122909 0.000000) (0.000000 0.000000 4882.523225)))
(0.681682 ((-0.052108 0.116741 0.000000) (0.000000 0.000000 4886.124003)))
(0.682683 ((-0.057561 0.109834 0.000000) (0.000000 0.000000 4890.193684)))
(0.683684 ((-0.062103 0.102298 0.000000) (0.000000 0.000000 4894.863171)))
(0.684685 ((-0.065665 0.094252 0.000000) (0.000000 0.000000 4900.234499)))
(0.685686 ((-0.068188 0.085822 0.000000) (0.000000 0.000000 4906.366412)))
(0.686687 ((-0.069635 0.077142 0.000000) (0.000000 0.000000 4913.268556)))
(0.687688 ((-0.069981 0.068349 0.000000) (0.000000 0.000000 4920.905977)))
(0.688689 ((-0.069221 0.059583 0.000000) (0.000000 0.000000 4929.211140)))
(0.689690 ((-0.067367 0.050981 0.000000) (0.000000 0.000000 4938.098314)))
(0.690691 ((-0.064448 0.042679 0.000000) (0.000000 0.000000 4947.475984)))
(0.691692 ((-0.060512 0.034810 0.000000) (0.000000 0.000000 4957.255305)))
(0.692693 ((-0.055619 0.027496 0.000000) (0.000000 0.000000 4967.354639)))
(0.693694 ((-0.049847 0.020854 0.000000) (0.000000 0.000000 4977.701197)))
(0.694695 ((-0.043287 0.014989 0.000000) (0.000000 0.000000 4988.230904)))
(0.695696 ((-0.036043 0.009993 0.000000) (0.000000 0.000000 4998.887374)))
(0.696697 ((-0.028230 0.005945 0.000000) (0.000000 0.000000 5009.620548)))
(0.697698 ((-0.019971 0.002909 0.000000) (0.000000 0.000000 5020.385312)))
(0.698699 ((-0.011396 0.000934 0.000000) (0.000000 0.000000 5031.140242)))
(0.699700 ((-0.002641 0.000050 0.000000) (0.000000 0.000000 5041.846566)))
(0.700701 ((0.006155 0.000271 0.000000) (0.000000 0.000000 5052.467349)))
(0.701702 ((0.014855 0.001594 0.000000) (0.000000 0.000000 5062.966935)))
(0.702703 ((0.023320 0.003998 0.000000) (0.000000 0.000000 5073.310648)))
(0.703704 ((0.031416 0.007446 0.000000) (0.000000 0.000000 5083.464765)))
(0.704705 ((0.039015 0.011881 0.000000) (0.000000 0.000000 5093.396756)))
(0.705706 ((0.045999 0.017235 0.000000) (0.000000 0.000000 5103.075776)))
(0.706707 ((0.052255 0.023423 0.000000) (0.000000 0.000000 5112.473368)))
(0.707708 ((0.057686 0.030347 0.000000) (0.000000 0.000000 5121.564275)))
(0.708709 ((0.062205 0.037897 0.000000) (0.000000 0.000000 5130.327246)))
(0.709710 ((0.065741 0.045955 0.000000) (0.000000 0.000000 5138.745691)))
(0.710711 ((0.068238 0.054393 0.000000) (0.000000 0.000000 5146.808056)))
(0.711712 ((0.069657 0.063077 0.000000) (0.000000 0.000000 5154.507819)))
(0.712713 ((0.069975 0.071871 0.000000) (0.000000 0.000000 5161.843095)))
(0.713714 ((0.069187 0.080635 0.000000) (0.000000 0.000000 5168.815918)))
(0.714715 ((0.067307 0.089231 0.000000) (0.000000 0.000000 5175.431310)))
(0.715716 ((0.064362 0.097523 0.000000) (0.000000 0.000000 5181.696289)))
(0.716717 ((0.060401 0.105380 0.000000) (0.000000 0.000000 5187.618979)))
(0.717718 ((0.055485 0.112679 0.000000) (0.000000 0.000000 5193.207907)))
(0.718719 ((0.049692 0.119302 0.000000) (0.000000 0.000000 5198.471611)))
(0.719720 ((0.043114 0.125147 0.000000) (0.000000 0.000000 5203.418587)))
(0.720721 ((0.035855 0.130120 0.000000) (0.000000 0.000000 5208.057633)))
(0.721722 ((0.028029 0.134144 0.000000) (0.000000 0.000000 5212.398618)))
(0.722723 ((0.019760 0.137153 0.000000) (0.000000 0.000000 5216.453733)))
(0.723724 ((0.011179 0.139102 0.000000) (0.000000 0.000000 5220.239264)))
(0.724725 ((0.002421 0.139958 0.000000) (0.000000 0.000000 5223.777925)))
(0.725726 ((-0.006375 0.139709 0.000000) (0.000000 0.000000 5227.101770)))
(0.726727 ((-0.015070 0.138359 0.000000) (0.000000 0.000000 5230.255582)))
(0.727728 ((-0.023527 0.135928 0.000000) (0.000000 0.000000 5233.300465)))
(0.728729 ((-0.031612 0.132455 0.000000) (0.000000 0.000000 5236.317079)))
(0.729730 ((-0.039198 0.127996 0.000000) (0.000000 0.000000 5239.407504)))
(0.730731 ((-0.046164 0.122620 0.000000) (0.000000 0.000000 5242.694315)))
(0.731732 ((-0.052401 0.116412 0.000000) (0.000000 0.000000 5246.315188)))
(0.732733 ((-0.057810 0.109472 0.000000) (0.000000 0.000000 5250.411919)))
(0.733734 ((-0.062305 0.101907 0.000000) (0.000000 0.000000 5255.114387)))
(0.734735 ((-0.065816 0.093838 0.000000) (0.000000 0.000000 5260.522751)))
(0.735736 ((-0.068287 0.085393 0.000000) (0.000000 0.000000 5266.693352)))
(0.736737 ((-0.069678 0.076704 0.000000) (0.000000 0.000000 5273.633417)))
(0.737738 ((-0.069969 0.067909 0.000000) (0.000000 0.000000 5281.306038)))
(0.738739 ((-0.069154 0.059148 0.000000) (0.000000 0.000000 5289.642431)))
(0.739740 ((-0.067246 0.050558 0.000000) (0.000000 0.000000 5298.556308)))
(0.740741 ((-0.064275 0.042275 0.000000) (0.000000 0.000000 5307.956123)))
(0.741742 ((-0.060289 0.034430 0.000000) (0.000000 0.000000 5317.753313)))
(0.742743 ((-0.055350 0.027147 0.000000) (0.000000 0.000000 5327.866662)))
(0.743744 ((-0.049537 0.020542 0.000000) (0.000000 0.000000 5338.223830)))
(0.744745 ((-0.042940 0.014718 0.000000) (0.000000 0.000000 5348.761156)))
(0.745746 ((-0.035665 0.009767 0.000000) (0.000000 0.000000 5359.422604)))
(0.746747 ((-0.027827 0.005769 0.000000) (0.000000 0.000000 5370.158394)))
(0.747748 ((-0.019549 0.002785 0.000000) (0.000000 0.000000 5380.923623)))
(0.748749 ((-0.010962 0.000864 0.000000) (0.000000 0.000000 5391.677026)))
(0.749750 ((-0.002201 0.000035 0.000000) (0.000000 0.000000 5402.379938)))
(0.750751 ((0.006594 0.000311 0.000000) (0.000000 0.000000 5412.995499)))
(0.751752 ((0.015285 0.001689 0.000000) (0.000000 0.000000 5423.488107)))
(0.752753 ((0.023734 0.004146 0.000000) (0.000000 0.000000 5433.823133)))
(0.753754 ((0.031808 0.007644 0.000000) (0.000000 0.000000 5443.966905)))
(0.754755 ((0.039380 0.012128 0.000000) (0.000000 0.000000 5453.886962)))
(0.755756 ((0.046330 0.017526 0.000000) (0.000000 0.000000 5463.552564)))
(0.756757 ((0.052547 0.023753 0.000000) (0.000000 0.000000 5472.935392)))
(0.757758 ((0.057934 0.030710 0.000000) (0.000000 0.000000 5482.010370)))
(0.758759 ((0.062405 0.038289 0.000000) (0.000000 0.000000 5490.756467)))
(0.759760 ((0.065891 0.046369 0.000000) (0.000000 0.000000 5499.157340)))
(0.760761 ((0.068335 0.054822 0.000000) (0.000000 0.000000 5507.201689)))
(0.761762 ((0.069699 0.063515 0.000000) (0.000000 0.000000 5514.883237)))
(0.762763 ((0.069962 0.072311 0.000000) (0.000000 0.000000 5522.200313)))
(0.763764 ((0.069119 0.081070 0.000000) (0.000000 0.000000 5529.155125)))
(0.764765 ((0.067184 0.089654 0.000000) (0.000000 0.000000 5535.752816)))
(0.765766 ((0.064188 0.097927 0.000000) (0.000000 0.000000 5542.000483)))
(0.766767 ((0.060177 0.105759 0.000000) (0.000000 0.000000 5547.906281)))
(0.767768 ((0.055215 0.113027 0.000000) (0.000000 0.000000 5553.478746)))
(0.768769 ((0.049381 0.119614 0.000000) (0.000000 0.000000 5558.726411)))
(0.769770 ((0.042766 0.125417 0.000000) (0.000000 0.000000 5563.657777)))
(0.770771 ((0.035476 0.130345 0.000000) (0.000000 0.000000 5568.281672)))
(0.771772 ((0.027625 0.134319 0.000000) (0.000000 0.000000 5572.608047)))
(0.772773 ((0.019337 0.137276 0.000000) (0.000000 0.000000 5576.649254)))
(0.773774 ((0.010744 0.139171 0.000000) (0.000000 0.000000 5580.421837)))
(0.774775 ((0.001981 0.139972 0.000000) (0.000000 0.000000 5583.948904)))
(0.775776 ((-0.006813 0.139668 0.000000) (0.000000 0.000000 5587.263063)))
(0.776777 ((-0.015499 0.138262 0.000000) (0.000000 0.000000 5590.409827)))
(0.777778 ((-0.023941 0.135779 0.000000) (0.000000 0.000000 5593.451207)))
(0.778779 ((-0.032004 0.132255 0.000000) (0.000000 0.000000 5596.468907)))
(0.779780 ((-0.039562 0.127748 0.000000) (0.000000 0.000000 5599.566084)))
(0.780781 ((-0.046494 0.122329 0.000000) (0.000000 0.000000 5602.866239)))
(0.781782 ((-0.052692 0.116082 0.000000) (0.000000 0.000000 5606.507565)))
(0.782783 ((-0.058057 0.109107 0.000000) (0.000000 0.000000 5610.631674)))
(0.783784 ((-0.062505 0.101515 0.000000) (0.000000 0.000000 5615.367377)))
(0.784785 ((-0.065965 0.093424 0.000000) (0.000000 0.000000 5620.812919)))
(0.785786 ((-0.068382 0.084963 0.000000) (0.000000 0.000000 5627.022224)))
(0.786787 ((-0.069719 0.076266 0.000000) (0.000000 0.000000 5634.000117)))
(0.787788 ((-0.069954 0.067469 0.000000) (0.000000 0.000000 5641.707763)))
(0.788789 ((-0.069084 0.058713 0.000000) (0.000000 0.000000 5650.075166)))
(0.789790 ((-0.067122 0.050135 0.000000) (0.000000 0.000000 5659.015516)))
(0.790791 ((-0.064100 0.041871 0.000000) (0.000000 0.000000 5668.437255)))
(0.791792 ((-0.060064 0.034051 0.000000) (0.000000 0.000000 5678.252110)))
(0.792793 ((-0.055080 0.026800 0.000000) (0.000000 0.000000 5688.379293)))
(0.793794 ((-0.049225 0.020231 0.000000) (0.000000 0.000000 5698.746912)))
(0.794795 ((-0.042592 0.014449 0.000000) (0.000000 0.000000 5709.291717)))
(0.795796 ((-0.035286 0.009544 0.000000) (0.000000 0.000000 5719.958018)))
(0.796797 ((-0.027422 0.005595 0.000000) (0.000000 0.000000 5730.696312)))
(0.797798 ((-0.019126 0.002663 0.000000) (0.000000 0.000000 5741.461905)))
(0.798799 ((-0.010527 0.000796 0.000000) (0.000000 0.000000 5752.213683)))
(0.799800 ((-0.001761 0.000022 0.000000) (0.000000 0.000000 5762.913091)))
(0.800801 ((0.007032 0.000354 0.000000) (0.000000 0.000000 5773.523341)))
(0.801802 ((0.015714 0.001787 0.000000) (0.000000 0.000000 5784.008885)))
(0.802803 ((0.024148 0.004297 0.000000) (0.000000 0.000000 5794.335139)))
(0.803804 ((0.032200 0.007846 0.000000) (0.000000 0.000000 5804.468484)))
(0.804805 ((0.039743 0.012377 0.000000) (0.000000 0.000000 5814.376532)))
(0.805806 ((0.046659 0.017818 0.000000) (0.000000 0.000000 5824.028644)))
(0.806807 ((0.052837 0.024084 0.000000) (0.000000 0.000000 5833.396644)))
(0.807808 ((0.058180 0.031075 0.000000) (0.000000 0.000000 5842.455641)))
(0.808809 ((0.062603 0.038682 0.000000) (0.000000 0.000000 5851.184824)))
(0.809810 ((0.066038 0.046784 0.000000) (0.000000 0.000000 5859.568097)))
(0.810811 ((0.068429 0.055252 0.000000) (0.000000 0.000000 5867.594415)))
(0.811812 ((0.069738 0.063954 0.000000) (0.000000 0.000000 5875.257742)))
(0.812813 ((0.069946 0.072751 0.000000) (0.000000 0.000000 5882.556625)))
(0.813814 ((0.069048 0.081504 0.000000) (0.000000 0.000000 5889.493439)))
(0.814815 ((0.067059 0.090076 0.000000) (0.000000 0.000000 5896.073448)))
(0.815816 ((0.064011 0.098330 0.000000) (0.000000 0.000000 5902.303822)))
(0.816817 ((0.059951 0.106137 0.000000) (0.000000 0.000000 5908.192749)))
(0.817818 ((0.054943 0.113373 0.000000) (0.000000 0.000000 5913.748772)))
(0.818819 ((0.049068 0.119923 0.000000) (0.000000 0.000000 5918.980421)))
(0.819820 ((0.042417 0.125685 0.000000) (0.000000 0.000000 5923.896198)))
(0.820821 ((0.035096 0.130566 0.000000) (0.000000 0.000000 5928.504966)))
(0.821822 ((0.027220 0.134491 0.000000) (0.000000 0.000000 5932.816764)))
(0.822823 ((0.018914 0.137396 0.000000) (0.000000 0.000000 5936.844102)))
(0.823824 ((0.010309 0.139237 0.000000) (0.000000 0.000000 5940.603794)))
(0.824825 ((0.001541 0.139983 0.000000) (0.000000 0.000000 5944.119349)))
(0.825826 ((-0.007251 0.139623 0.000000) (0.000000 0.000000 5947.423934)))
(0.826827 ((-0.015928 0.138164 0.000000) (0.000000 0.000000 5950.563804)))
(0.827828 ((-0.024354 0.135627 0.000000) (0.000000 0.000000 5953.601885)))
(0.828829 ((-0.032395 0.132053 0.000000) (0.000000 0.000000 5956.620929)))
(0.829830 ((-0.039924 0.127498 0.000000) (0.000000 0.000000 5959.725168)))
(0.830831 ((-0.046823 0.122035 0.000000) (0.000000 0.000000 5963.039016)))
(0.831832 ((-0.052981 0.115750 0.000000) (0.000000 0.000000 5966.701152)))
(0.832833 ((-0.058302 0.108741 0.000000) (0.000000 0.000000 5970.852965)))
(0.833834 ((-0.062702 0.101121 0.000000) (0.000000 0.000000 5975.622151)))
(0.834835 ((-0.066111 0.093009 0.000000) (0.000000 0.000000 5981.105007)))
(0.835836 ((-0.068475 0.084533 0.000000) (0.000000 0.000000 5987.353028)))
(0.836837 ((-0.069757 0.075827 0.000000) (0.000000 0.000000 5994.368647)))
(0.837838 ((-0.069937 0.067029 0.000000) (0.000000 0.000000 6002.111140)))
(0.838839 ((-0.069012 0.058279 0.000000) (0.000000 0.000000 6010.509335)))
(0.839840 ((-0.066996 0.049713 0.000000) (0.000000 0.000000 6019.475927)))
(0.840841 ((-0.063921 0.041468 0.000000) (0.000000 0.000000 6028.919367)))
(0.841842 ((-0.059837 0.033674 0.000000) (0.000000 0.000000 6038.751685)))
(0.842843 ((-0.054807 0.026454 0.000000) (0.000000 0.000000 6048.892523)))
(0.843844 ((-0.048911 0.019923 0.000000) (0.000000 0.000000 6059.270436)))
(0.844845 ((-0.042242 0.014182 0.000000) (0.000000 0.000000 6069.822581)))
(0.845846 ((-0.034905 0.009323 0.000000) (0.000000 0.000000 6080.493612)))
(0.846847 ((-0.027017 0.005424 0.000000) (0.000000 0.000000 6091.234297)))
(0.847848 ((-0.018702 0.002544 0.000000) (0.000000 0.000000 6102.000151)))
(0.848849 ((-0.010091 0.000731 0.000000) (0.000000 0.000000 6112.750210)))
(0.849850 ((-0.001321 0.000012 0.000000) (0.000000 0.000000 6123.446021)))
(0.850851 ((0.007470 0.000400 0.000000) (0.000000 0.000000 6134.050871)))
(0.851852 ((0.016143 0.001887 0.000000) (0.000000 0.000000 6144.529264)))
(0.852853 ((0.024561 0.004450 0.000000) (0.000000 0.000000 6154.846663)))
(0.853854 ((0.032590 0.008049 0.000000) (0.000000 0.000000 6164.969500)))
(0.854855 ((0.040105 0.012628 0.000000) (0.000000 0.000000 6174.865462)))
(0.855856 ((0.046986 0.018112 0.000000) (0.000000 0.000000 6184.504013)))
(0.856857 ((0.053124 0.024417 0.000000) (0.000000 0.000000 6193.857124)))
(0.857858 ((0.058423 0.031442 0.000000) (0.000000 0.000000 6202.900087)))
(0.858859 ((0.062799 0.039076 0.000000) (0.000000 0.000000 6211.612316)))
(0.859860 ((0.066183 0.047199 0.000000) (0.000000 0.000000 6219.977961)))
(0.860861 ((0.068520 0.055683 0.000000) (0.000000 0.000000 6227.986232)))
(0.861862 ((0.069775 0.064392 0.000000) (0.000000 0.000000 6235.631336)))
(0.862863 ((0.069927 0.073190 0.000000) (0.000000 0.000000 6242.912031)))
(0.863864 ((0.068974 0.081938 0.000000) (0.000000 0.000000 6249.830860)))
(0.864865 ((0.066932 0.090497 0.000000) (0.000000 0.000000 6256.393205)))
(0.865866 ((0.063831 0.098732 0.000000) (0.000000 0.000000 6262.606307)))
(0.866867 ((0.059722 0.106514 0.000000) (0.000000 0.000000 6268.478386)))
(0.867868 ((0.054670 0.113718 0.000000) (0.000000 0.000000 6274.017988)))
(0.868869 ((0.048753 0.120231 0.000000) (0.000000 0.000000 6279.233640)))
(0.869870 ((0.042066 0.125951 0.000000) (0.000000 0.000000 6284.133851)))
(0.870871 ((0.034714 0.130786 0.000000) (0.000000 0.000000 6288.727518)))
(0.871872 ((0.026814 0.134661 0.000000) (0.000000 0.000000 6293.024768)))
(0.872873 ((0.018490 0.137514 0.000000) (0.000000 0.000000 6297.038279)))
(0.873874 ((0.009873 0.139300 0.000000) (0.000000 0.000000 6300.785139)))
(0.874875 ((0.001101 0.139991 0.000000) (0.000000 0.000000 6304.289263)))
(0.875876 ((-0.007689 0.139576 0.000000) (0.000000 0.000000 6307.584390)))
(0.876877 ((-0.016357 0.138062 0.000000) (0.000000 0.000000 6310.717522)))
(0.877878 ((-0.024767 0.135472 0.000000) (0.000000 0.000000 6313.752511)))
(0.878879 ((-0.032785 0.131848 0.000000) (0.000000 0.000000 6316.773159)))
(0.879880 ((-0.040285 0.127246 0.000000) (0.000000 0.000000 6319.884773)))
(0.880881 ((-0.047149 0.121740 0.000000) (0.000000 0.000000 6323.212663)))
(0.881882 ((-0.053267 0.115416 0.000000) (0.000000 0.000000 6326.895966)))
(0.882883 ((-0.058544 0.108374 0.000000) (0.000000 0.000000 6331.075806)))
(0.883884 ((-0.062896 0.100726 0.000000) (0.000000 0.000000 6335.878719)))
(0.884885 ((-0.066254 0.092592 0.000000) (0.000000 0.000000 6341.399018)))
(0.885886 ((-0.068565 0.084102 0.000000) (0.000000 0.000000 6347.685759)))
(0.886887 ((-0.069792 0.075388 0.000000) (0.000000 0.000000 6354.739001)))
(0.887888 ((-0.069917 0.066590 0.000000) (0.000000 0.000000 6362.516160)))
(0.888889 ((-0.068937 0.057845 0.000000) (0.000000 0.000000 6370.944925)))
(0.889890 ((-0.066867 0.049292 0.000000) (0.000000 0.000000 6379.937529)))
(0.890891 ((-0.063741 0.041067 0.000000) (0.000000 0.000000 6389.402450)))
(0.891892 ((-0.059607 0.033299 0.000000) (0.000000 0.000000 6399.252030)))
(0.892893 ((-0.054532 0.026111 0.000000) (0.000000 0.000000 6409.406344)))
(0.893894 ((-0.048595 0.019616 0.000000) (0.000000 0.000000 6419.794393)))
(0.894895 ((-0.041890 0.013917 0.000000) (0.000000 0.000000 6430.353741)))
(0.895896 ((-0.034523 0.009105 0.000000) (0.000000 0.000000 6441.029379)))
(0.896897 ((-0.026610 0.005255 0.000000) (0.000000 0.000000 6451.772345)))
(0.897898 ((-0.018277 0.002428 0.000000) (0.000000 0.000000 6462.538358)))
(0.898899 ((-0.009655 0.000669 0.000000) (0.000000 0.000000 6473.286600)))
(0.899900 ((-0.000881 0.000006 0.000000) (0.000000 0.000000 6483.978723)))
(0.900901 ((0.007907 0.000448 0.000000) (0.000000 0.000000 6494.578085)))
(0.901902 ((0.016571 0.001990 0.000000) (0.000000 0.000000 6505.049241)))
(0.902903 ((0.024972 0.004606 0.000000) (0.000000 0.000000 6515.357700)))
(0.903904 ((0.032979 0.008256 0.000000) (0.000000 0.000000 6525.469949)))
(0.904905 ((0.040465 0.012881 0.000000) (0.000000 0.000000 6535.353747)))
(0.905906 ((0.047311 0.018409 0.000000) (0.000000 0.000000 6544.978668)))
(0.906907 ((0.053410 0.024752 0.000000) (0.000000 0.000000 6554.316827)))
(0.907908 ((0.058665 0.031810 0.000000) (0.000000 0.000000 6563.343706)))
(0.908909 ((0.062992 0.039472 0.000000) (0.000000 0.000000 6572.038940)))
(0.909910 ((0.066325 0.047616 0.000000) (0.000000 0.000000 6580.386930)))
(0.910911 ((0.068609 0.056114 0.000000) (0.000000 0.000000 6588.377140)))
(0.911912 ((0.069809 0.064831 0.000000) (0.000000 0.000000 6596.004019)))
(0.912913 ((0.069906 0.073630 0.000000) (0.000000 0.000000 6603.266532)))
(0.913914 ((0.068898 0.082372 0.000000) (0.000000 0.000000 6610.167389)))
(0.914915 ((0.066802 0.090918 0.000000) (0.000000 0.000000 6616.712089)))
(0.915916 ((0.063649 0.099133 0.000000) (0.000000 0.000000 6622.907940)))
(0.916917 ((0.059492 0.106888 0.000000) (0.000000 0.000000 6628.763191)))
(0.917918 ((0.054394 0.114061 0.000000) (0.000000 0.000000 6634.286394)))
(0.918919 ((0.048436 0.120537 0.000000) (0.000000 0.000000 6639.486071)))
(0.919920 ((0.041713 0.126214 0.000000) (0.000000 0.000000 6644.370737)))
(0.920921 ((0.034331 0.131003 0.000000) (0.000000 0.000000 6648.949328)))
(0.921922 ((0.026406 0.134828 0.000000) (0.000000 0.000000 6653.232061)))
(0.922923 ((0.018065 0.137629 0.000000) (0.000000 0.000000 6657.231789)))
(0.923924 ((0.009437 0.139361 0.000000) (0.000000 0.000000 6660.965875)))
(0.924925 ((0.000661 0.139997 0.000000) (0.000000 0.000000 6664.458652)))
(0.925926 ((-0.008126 0.139527 0.000000) (0.000000 0.000000 6667.744438)))
(0.926927 ((-0.016785 0.137958 0.000000) (0.000000 0.000000 6670.870991)))
(0.927928 ((-0.025178 0.135315 0.000000) (0.000000 0.000000 6673.903096)))
(0.928929 ((-0.033173 0.131640 0.000000) (0.000000 0.000000 6676.925613)))
(0.929930 ((-0.040644 0.126992 0.000000) (0.000000 0.000000 6680.044915)))
(0.930931 ((-0.047473 0.121442 0.000000) (0.000000 0.000000 6683.387197)))
(0.931932 ((-0.053552 0.115080 0.000000) (0.000000 0.000000 6687.092024)))
(0.932933 ((-0.058785 0.108005 0.000000) (0.000000 0.000000 6691.300212)))
(0.933934 ((-0.063088 0.100330 0.000000) (0.000000 0.000000 6696.137089)))
(0.934935 ((-0.066395 0.092175 0.000000) (0.000000 0.000000 6701.694956)))
(0.935936 ((-0.068652 0.083670 0.000000) (0.000000 0.000000 6708.020416)))
(0.936937 ((-0.069825 0.074949 0.000000) (0.000000 0.000000 6715.111171)))
(0.937938 ((-0.069894 0.066150 0.000000) (0.000000 0.000000 6722.922812)))
(0.938939 ((-0.068859 0.057412 0.000000) (0.000000 0.000000 6731.381926)))
(0.939940 ((-0.066735 0.048872 0.000000) (0.000000 0.000000 6740.400311)))
(0.940941 ((-0.063558 0.040667 0.000000) (0.000000 0.000000 6749.886493)))
(0.941942 ((-0.059375 0.032925 0.000000) (0.000000 0.000000 6759.753135)))
(0.942943 ((-0.054255 0.025768 0.000000) (0.000000 0.000000 6769.920747)))
(0.943944 ((-0.048277 0.019311 0.000000) (0.000000 0.000000 6780.318778)))
(0.944945 ((-0.041536 0.013655 0.000000) (0.000000 0.000000 6790.885190)))
(0.945946 ((-0.034139 0.008889 0.000000) (0.000000 0.000000 6801.565313)))
(0.946947 ((-0.026202 0.005089 0.000000) (0.000000 0.000000 6812.310450)))
(0.947948 ((-0.017852 0.002315 0.000000) (0.000000 0.000000 6823.076519)))
(0.948949 ((-0.009219 0.000610 0.000000) (0.000000 0.000000 6833.822849)))
(0.949950 ((-0.000441 0.000001 0.000000) (0.000000 0.000000 6844.511193)))
(0.950951 ((0.008345 0.000499 0.000000) (0.000000 0.000000 6855.104978)))
(0.951952 ((0.016998 0.002095 0.000000) (0.000000 0.000000 6865.568811)))
(0.952953 ((0.025383 0.004764 0.000000) (0.000000 0.000000 6875.868246)))
(0.953954 ((0.033367 0.008464 0.000000) (0.000000 0.000000 6885.969826)))
(0.954955 ((0.040823 0.013137 0.000000) (0.000000 0.000000 6895.841385)))
(0.955956 ((0.047635 0.018707 0.000000) (0.000000 0.000000 6905.452605)))
(0.956957 ((0.053694 0.025089 0.000000) (0.000000 0.000000 6914.775751)))
(0.957958 ((0.058904 0.032180 0.000000) (0.000000 0.000000 6923.786494)))
(0.958959 ((0.063183 0.039869 0.000000) (0.000000 0.000000 6932.464695)))
(0.959960 ((0.066464 0.048034 0.000000) (0.000000 0.000000 6940.795003)))
(0.960961 ((0.068695 0.056546 0.000000) (0.000000 0.000000 6948.767139)))
(0.961962 ((0.069840 0.065270 0.000000) (0.000000 0.000000 6956.375789)))
(0.962963 ((0.069882 0.074070 0.000000) (0.000000 0.000000 6963.620128)))
(0.963964 ((0.068819 0.082805 0.000000) (0.000000 0.000000 6970.503028)))
(0.964965 ((0.066669 0.091337 0.000000) (0.000000 0.000000 6977.030101)))
(0.965966 ((0.063465 0.099533 0.000000) (0.000000 0.000000 6983.208721)))
(0.966967 ((0.059258 0.107262 0.000000) (0.000000 0.000000 6989.047166)))
(0.967968 ((0.054115 0.114402 0.000000) (0.000000 0.000000 6994.553991)))
(0.968969 ((0.048117 0.120840 0.000000) (0.000000 0.000000 6999.737714)))
(0.969970 ((0.041359 0.126475 0.000000) (0.000000 0.000000 7004.606858)))
(0.970971 ((0.033947 0.131218 0.000000) (0.000000 0.000000 7009.170397)))
(0.971972 ((0.025998 0.134993 0.000000) (0.000000 0.000000 7013.438647)))
(0.972973 ((0.017639 0.137741 0.000000) (0.000000 0.000000 7017.424633)))
(0.973974 ((0.009001 0.139419 0.000000) (0.000000 0.000000 7021.146005)))
(0.974975 ((0.000221 0.140000 0.000000) (0.000000 0.000000 7024.627521)))
(0.975976 ((-0.008563 0.139474 0.000000) (0.000000 0.000000 7027.904083)))
(0.976977 ((-0.017212 0.137851 0.000000) (0.000000 0.000000 7031.024219)))
(0.977978 ((-0.025588 0.135156 0.000000) (0.000000 0.000000 7034.053653)))
(0.978979 ((-0.033560 0.131431 0.000000) (0.000000 0.000000 7037.078304)))
(0.979980 ((-0.041002 0.126735 0.000000) (0.000000 0.000000 7040.205612)))
(0.980981 ((-0.047796 0.121142 0.000000) (0.000000 0.000000 7043.562638)))
(0.981982 ((-0.053834 0.114742 0.000000) (0.000000 0.000000 7047.289344)))
(0.982983 ((-0.059022 0.107635 0.000000) (0.000000 0.000000 7051.526196)))
(0.983984 ((-0.063278 0.099932 0.000000) (0.000000 0.000000 7056.397273)))
(0.984985 ((-0.066533 0.091757 0.000000) (0.000000 0.000000 7061.992824)))
(0.985986 ((-0.068737 0.083238 0.000000) (0.000000 0.000000 7068.356995)))
(0.986987 ((-0.069855 0.074510 0.000000) (0.000000 0.000000 7075.485149)))
(0.987988 ((-0.069868 0.065711 0.000000) (0.000000 0.000000 7083.331086)))
(0.988989 ((-0.068778 0.056979 0.000000) (0.000000 0.000000 7091.820325)))
(0.989990 ((-0.066601 0.048453 0.000000) (0.000000 0.000000 7100.864261)))
(0.990991 ((-0.063372 0.040268 0.000000) (0.000000 0.000000 7110.371485)))
(0.991992 ((-0.059141 0.032552 0.000000) (0.000000 0.000000 7120.254991)))
(0.992993 ((-0.053975 0.025428 0.000000) (0.000000 0.000000 7130.435725)))
(0.993994 ((-0.047957 0.019009 0.000000) (0.000000 0.000000 7140.843581)))
(0.994995 ((-0.041181 0.013395 0.000000) (0.000000 0.000000 7151.416922)))
(0.995996 ((-0.033754 0.008676 0.000000) (0.000000 0.000000 7162.101409)))
(0.996997 ((-0.025794 0.004926 0.000000) (0.000000 0.000000 7172.848606)))
(0.997998 ((-0.017426 0.002204 0.000000) (0.000000 0.000000 7183.614631)))
(0.998999 ((-0.008782 0.000553 0.000000) (0.000000 0.000000 7194.358953)))
(1.000000 ((-0.000000 0.000000 0.000000) (0.000000 0.000000 7205.043426)))
)

