
1000
(
(0.000000 ((0.000000 -0.000000 0.000000) (0.000000 0.000000 -30.579273)))
(0.001001 ((0.000553 -0.008782 0.000000) (0.000000 0.000000 -22.393139)))
(0.002002 ((0.002204 -0.017425 0.000000) (0.000000 0.000000 -13.608155)))
(0.003003 ((0.004925 -0.025793 0.000000) (0.000000 0.000000 -4.315521)))
(0.004004 ((0.008676 -0.033754 0.000000) (0.000000 0.000000 5.394962)))
(0.005005 ((0.013395 -0.041181 0.000000) (0.000000 0.000000 15.440111)))
(0.006006 ((0.019008 -0.047957 0.000000) (0.000000 0.000000 25.745447)))
(0.007007 ((0.025428 -0.053975 0.000000) (0.000000 0.000000 36.245323)))
(0.008008 ((0.032552 -0.059141 0.000000) (0.000000 0.000000 46.882009)))
(0.009009 ((0.040267 -0.063372 0.000000) (0.000000 0.000000 57.604369)))
(0.010010 ((0.048453 -0.066601 0.000000) (0.000000 0.000000 68.366461)))
(0.011011 ((0.056978 -0.068778 0.000000) (0.000000 0.000000 79.126255)))
(0.012012 ((0.065710 -0.069868 0.000000) (0.000000 0.000000 89.844553)))
(0.013013 ((0.074510 -0.069855 0.000000) (0.000000 0.000000 100.484124)))
(0.014014 ((0.083238 -0.068737 0.000000) (0.000000 0.000000 111.009103)))
(0.015015 ((0.091757 -0.066533 0.000000) (0.000000 0.000000 121.384641)))
(0.016016 ((0.099932 -0.063278 0.000000) (0.000000 0.000000 131.576827)))
(0.017017 ((0.107634 -0.059023 0.000000) (0.000000 0.000000 141.552875)))
(0.018018 ((0.114742 -0.053835 0.000000) (0.000000 0.000000 151.281577)))
(0.019019 ((0.121142 -0.047796 0.000000) (0.000000 0.000000 160.733969)))
(0.020020 ((0.126735 -0.041002 0.000000) (0.000000 0.000000 169.884129)))
(0.021021 ((0.131430 -0.033561 0.000000) (0.000000 0.000000 178.709999)))
(0.022022 ((0.135155 -0.025589 0.000000) (0.000000 0.000000 187.194077)))
(0.023023 ((0.137851 -0.017212 0.000000) (0.000000 0.000000 195.323853)))
(0.024024 ((0.139474 -0.008564 0.000000) (0.000000 0.000000 203.091879)))
(0.025025 ((0.140000 0.000220 0.000000) (0.000000 0.000000 210.495447)))
(0.026026 ((0.139419 0.009000 0.000000) (0.000000 0.000000 217.535925)))
(0.027027 ((0.137741 0.017638 0.000000) (0.000000 0.000000 224.217847)))
(0.028028 ((0.134993 0.025998 0.000000) (0.000000 0.000000 230.547932)))
(0.029029 ((0.131218 0.033946 0.000000) (0.000000 0.000000 236.534157)))
(0.030030 ((0.126476 0.041358 0.000000) (0.000000 0.000000 242.185012)))
(0.031031 ((0.120841 0.048117 0.000000) (0.000000 0.000000 247.509049)))
(0.032032 ((0.114402 0.054115 0.000000) (0.000000 0.000000 252.514759)))
(0.033033 ((0.107262 0.059258 0.000000) (0.000000 0.000000 257.210836)))
(0.034034 ((0.099533 0.063465 0.000000) (0.000000 0.000000 261.606870)))
(0.035035 ((0.091338 0.066669 0.000000) (0.000000 0.000000 265.714497)))
(0.036036 ((0.082805 0.068819 0.000000) (0.000000 0.000000 269.549075)))
(0.037037 ((0.074070 0.069882 0.000000) (0.000000 0.000000 273.131908)))
(0.038038 ((0.065271 0.069840 0.000000) (0.000000 0.000000 276.493053)))
(0.039039 ((0.056546 0.068695 0.000000) (0.000000 0.000000 279.674632)))
(0.040040 ((0.048034 0.066464 0.000000) (0.000000 0.000000 282.734422)))
(0.041041 ((0.039869 0.063183 0.000000) (0.000000 0.000000 285.749215)))
(0.042042 ((0.032180 0.058904 0.000000) (0.000000 0.000000 288.817040)))
(0.043043 ((0.025089 0.053694 0.000000) (0.000000 0.000000 292.056881)))
(0.044044 ((0.018708 0.047635 0.000000) (0.000000 0.000000 295.604247)))
(0.045045 ((0.013137 0.040824 0.000000) (0.000000 0.000000 299.601255)))
(0.046046 ((0.008464 0.033367 0.000000) (0.000000 0.000000 304.181391)))
(0.047047 ((0.004764 0.025384 0.000000) (0.000000 0.000000 309.451651)))
(0.048048 ((0.002095 0.016999 0.000000) (0.000000 0.000000 315.477311)))
(0.049049 ((0.000499 0.008345 0.000000) (0.000000 0.000000 322.274720)))
(0.050050 ((0.000001 -0.000440 0.000000) (0.000000 0.000000 329.814464)))
(0.051051 ((0.000610 -0.009219 0.000000) (0.000000 0.000000 338.032633)))
(0.052052 ((0.002314 -0.017851 0.000000) (0.000000 0.000000 346.845184)))
(0.053053 ((0.005089 -0.026202 0.000000) (0.000000 0.000000 356.160803)))
(0.054054 ((0.008889 -0.034139 0.000000) (0.000000 0.000000 365.889927)))
(0.055055 ((0.013655 -0.041536 0.000000) (0.000000 0.000000 375.949779)))
(0.056056 ((0.019311 -0.048277 0.000000) (0.000000 0.000000 386.266331)))
(0.057057 ((0.025768 -0.054254 0.000000) (0.000000 0.000000 396.774357)))
(0.058058 ((0.032924 -0.059375 0.000000) (0.000000 0.000000 407.416493)))
(0.059059 ((0.040666 -0.063557 0.000000) (0.000000 0.000000 418.141893)))
(0.060060 ((0.048872 -0.066735 0.000000) (0.000000 0.000000 428.904840)))
(0.061061 ((0.057411 -0.068859 0.000000) (0.000000 0.000000 439.663472)))
(0.062062 ((0.066150 -0.069894 0.000000) (0.000000 0.000000 450.378704)))
(0.063063 ((0.074949 -0.069825 0.000000) (0.000000 0.000000 461.013387)))
(0.064064 ((0.083670 -0.068652 0.000000) (0.000000 0.000000 471.531715)))
(0.065065 ((0.092175 -0.066395 0.000000) (0.000000 0.000000 481.898883)))
(0.066066 ((0.100329 -0.063088 0.000000) (0.000000 0.000000 492.081029)))
(0.067067 ((0.108005 -0.058785 0.000000) (0.000000 0.000000 502.045435)))
(0.068068 ((0.115079 -0.053552 0.000000) (0.000000 0.000000 511.760988)))
(0.069069 ((0.121442 -0.047474 0.000000) (0.000000 0.000000 521.198855)))
(0.070070 ((0.126991 -0.040645 0.000000) (0.000000 0.000000 530.333290)))
(0.071071 ((0.131640 -0.033174 0.000000) (0.000000 0.000000 539.142445)))
(0.072072 ((0.135315 -0.025178 0.000000) (0.000000 0.000000 547.609063)))
(0.073073 ((0.137958 -0.016785 0.000000) (0.000000 0.000000 555.720886)))
(0.074074 ((0.139527 -0.008127 0.000000) (0.000000 0.000000 563.470717)))
(0.075075 ((0.139997 0.000660 0.000000) (0.000000 0.000000 570.856068)))
(0.076076 ((0.139361 0.009437 0.000000) (0.000000 0.000000 577.878488)))
(0.077077 ((0.137629 0.018064 0.000000) (0.000000 0.000000 584.542645)))
(0.078078 ((0.134828 0.026406 0.000000) (0.000000 0.000000 590.855341)))
(0.079079 ((0.131003 0.034331 0.000000) (0.000000 0.000000 596.824593)))
(0.080080 ((0.126214 0.041713 0.000000) (0.000000 0.000000 602.458905)))
(0.081081 ((0.120537 0.048436 0.000000) (0.000000 0.000000 607.766825)))
(0.082082 ((0.114061 0.054393 0.000000) (0.000000 0.000000 612.756842)))
(0.083083 ((0.106889 0.059491 0.000000) (0.000000 0.000000 617.437678)))
(0.084084 ((0.099134 0.063649 0.000000) (0.000000 0.000000 621.818991)))
(0.085085 ((0.090918 0.066801 0.000000) (0.000000 0.000000 625.912562)))
(0.086086 ((0.082372 0.068898 0.000000) (0.000000 0.000000 629.733987)))
(0.087087 ((0.073631 0.069906 0.000000) (0.000000 0.000000 633.304935)))
(0.088088 ((0.064832 0.069809 0.000000) (0.000000 0.000000 636.655986)))
(0.089089 ((0.056114 0.068609 0.000000) (0.000000 0.000000 639.829958)))
(0.090090 ((0.047617 0.066325 0.000000) (0.000000 0.000000 642.885504)))
(0.091091 ((0.039472 0.062993 0.000000) (0.000000 0.000000 645.900440)))
(0.092092 ((0.031811 0.058665 0.000000) (0.000000 0.000000 648.973875)))
(0.093093 ((0.024752 0.053410 0.000000) (0.000000 0.000000 652.225770)))
(0.094094 ((0.018409 0.047312 0.000000) (0.000000 0.000000 655.792245)))
(0.095095 ((0.012881 0.040465 0.000000) (0.000000 0.000000 659.815386)))
(0.096096 ((0.008256 0.032980 0.000000) (0.000000 0.000000 664.427781)))
(0.097097 ((0.004606 0.024973 0.000000) (0.000000 0.000000 669.734656)))
(0.098098 ((0.001990 0.016571 0.000000) (0.000000 0.000000 675.798925)))
(0.099099 ((0.000448 0.007908 0.000000) (0.000000 0.000000 682.634492)))
(0.100100 ((0.000006 -0.000880 0.000000) (0.000000 0.000000 690.209901)))
(0.101101 ((0.000669 -0.009655 0.000000) (0.000000 0.000000 698.459892)))
(0.102102 ((0.002428 -0.018277 0.000000) (0.000000 0.000000 707.299780)))
(0.103103 ((0.005255 -0.026610 0.000000) (0.000000 0.000000 716.638159)))
(0.104104 ((0.009105 -0.034522 0.000000) (0.000000 0.000000 726.385717)))
(0.105105 ((0.013917 -0.041889 0.000000) (0.000000 0.000000 736.460087)))
(0.106106 ((0.019616 -0.048594 0.000000) (0.000000 0.000000 746.787691)))
(0.107107 ((0.026110 -0.054532 0.000000) (0.000000 0.000000 757.303726)))
(0.108108 ((0.033298 -0.059607 0.000000) (0.000000 0.000000 767.951184)))
(0.109109 ((0.041067 -0.063741 0.000000) (0.000000 0.000000 778.679511)))
(0.110110 ((0.049292 -0.066867 0.000000) (0.000000 0.000000 789.443209)))
(0.111111 ((0.057845 -0.068937 0.000000) (0.000000 0.000000 800.200580)))
(0.112112 ((0.066589 -0.069917 0.000000) (0.000000 0.000000 810.912653)))
(0.113113 ((0.075388 -0.069792 0.000000) (0.000000 0.000000 821.542360)))
(0.114114 ((0.084101 -0.068565 0.000000) (0.000000 0.000000 832.053949)))
(0.115115 ((0.092592 -0.066254 0.000000) (0.000000 0.000000 842.412662)))
(0.116116 ((0.100725 -0.062896 0.000000) (0.000000 0.000000 852.584687)))
(0.117117 ((0.108374 -0.058545 0.000000) (0.000000 0.000000 862.537373)))
(0.118118 ((0.115415 -0.053268 0.000000) (0.000000 0.000000 872.239704)))
(0.119119 ((0.121739 -0.047149 0.000000) (0.000000 0.000000 881.662982)))
(0.120120 ((0.127246 -0.040286 0.000000) (0.000000 0.000000 890.781636)))
(0.121121 ((0.131848 -0.032785 0.000000) (0.000000 0.000000 899.574034)))
(0.122122 ((0.135472 -0.024767 0.000000) (0.000000 0.000000 908.023160)))
(0.123123 ((0.138062 -0.016357 0.000000) (0.000000 0.000000 916.117014)))
(0.124124 ((0.139576 -0.007689 0.000000) (0.000000 0.000000 923.848643)))
(0.125125 ((0.139991 0.001101 0.000000) (0.000000 0.000000 931.215781)))
(0.126126 ((0.139300 0.009873 0.000000) (0.000000 0.000000 938.220155)))
(0.127127 ((0.137514 0.018489 0.000000) (0.000000 0.000000 944.866564)))
(0.128128 ((0.134661 0.026813 0.000000) (0.000000 0.000000 951.161891)))
(0.129129 ((0.130786 0.034714 0.000000) (0.000000 0.000000 957.114192)))
(0.130130 ((0.125951 0.042065 0.000000) (0.000000 0.000000 962.731982)))
(0.131131 ((0.120231 0.048753 0.000000) (0.000000 0.000000 968.023805)))
(0.132132 ((0.113718 0.054669 0.000000) (0.000000 0.000000 972.998152)))
(0.133133 ((0.106514 0.059722 0.000000) (0.000000 0.000000 977.663770)))
(0.134134 ((0.098733 0.063831 0.000000) (0.000000 0.000000 982.030393)))
(0.135135 ((0.090498 0.066932 0.000000) (0.000000 0.000000 986.109946)))
(0.136136 ((0.081939 0.068974 0.000000) (0.000000 0.000000 989.918270)))
(0.137137 ((0.073191 0.069927 0.000000) (0.000000 0.000000 993.477410)))
(0.138138 ((0.064393 0.069775 0.000000) (0.000000 0.000000 996.818473)))
(0.139139 ((0.055683 0.068520 0.000000) (0.000000 0.000000 999.984983)))
(0.140140 ((0.047200 0.066183 0.000000) (0.000000 0.000000 1003.036480)))
(0.141141 ((0.039077 0.062799 0.000000) (0.000000 0.000000 1006.051806)))
(0.142142 ((0.031443 0.058424 0.000000) (0.000000 0.000000 1009.131153)))
(0.143143 ((0.024417 0.053125 0.000000) (0.000000 0.000000 1012.395443)))
(0.144144 ((0.018113 0.046986 0.000000) (0.000000 0.000000 1015.981386)))
(0.145145 ((0.012628 0.040105 0.000000) (0.000000 0.000000 1020.030996)))
(0.146146 ((0.008050 0.032591 0.000000) (0.000000 0.000000 1024.675917)))
(0.147147 ((0.004450 0.024561 0.000000) (0.000000 0.000000 1030.019565)))
(0.148148 ((0.001887 0.016143 0.000000) (0.000000 0.000000 1036.122477)))
(0.149149 ((0.000400 0.007470 0.000000) (0.000000 0.000000 1042.996120)))
(0.150150 ((0.000012 -0.001321 0.000000) (0.000000 0.000000 1050.607028)))
(0.151151 ((0.000731 -0.010091 0.000000) (0.000000 0.000000 1058.888627)))
(0.152152 ((0.002544 -0.018701 0.000000) (0.000000 0.000000 1067.755622)))
(0.153153 ((0.005424 -0.027016 0.000000) (0.000000 0.000000 1077.116537)))
(0.154154 ((0.009323 -0.034905 0.000000) (0.000000 0.000000 1086.882322)))
(0.155155 ((0.014182 -0.042241 0.000000) (0.000000 0.000000 1096.971026)))
(0.156156 ((0.019922 -0.048910 0.000000) (0.000000 0.000000 1107.309521)))
(0.157157 ((0.026454 -0.054807 0.000000) (0.000000 0.000000 1117.833421)))
(0.158158 ((0.033674 -0.059837 0.000000) (0.000000 0.000000 1128.486076)))
(0.159159 ((0.041468 -0.063921 0.000000) (0.000000 0.000000 1139.217215)))
(0.160160 ((0.049713 -0.066996 0.000000) (0.000000 0.000000 1149.981561)))
(0.161161 ((0.058278 -0.069012 0.000000) (0.000000 0.000000 1160.737574)))
(0.162162 ((0.067029 -0.069937 0.000000) (0.000000 0.000000 1171.446397)))
(0.163163 ((0.075827 -0.069757 0.000000) (0.000000 0.000000 1182.071038)))
(0.164164 ((0.084532 -0.068475 0.000000) (0.000000 0.000000 1192.575800)))
(0.165165 ((0.093008 -0.066111 0.000000) (0.000000 0.000000 1202.925974)))
(0.166166 ((0.101120 -0.062702 0.000000) (0.000000 0.000000 1213.087796)))
(0.167167 ((0.108741 -0.058302 0.000000) (0.000000 0.000000 1223.028685)))
(0.168168 ((0.115749 -0.052981 0.000000) (0.000000 0.000000 1232.717722)))
(0.169169 ((0.122035 -0.046823 0.000000) (0.000000 0.000000 1242.126347)))
(0.170170 ((0.127498 -0.039925 0.000000) (0.000000 0.000000 1251.229165)))
(0.171171 ((0.132053 -0.032396 0.000000) (0.000000 0.000000 1260.004763)))
(0.172172 ((0.135627 -0.024355 0.000000) (0.000000 0.000000 1268.436369)))
(0.173173 ((0.138164 -0.015929 0.000000) (0.000000 0.000000 1276.512235)))
(0.174174 ((0.139623 -0.007251 0.000000) (0.000000 0.000000 1284.225657)))
(0.175175 ((0.139983 0.001541 0.000000) (0.000000 0.000000 1291.574586)))
(0.176176 ((0.139237 0.010308 0.000000) (0.000000 0.000000 1298.560927)))
(0.177177 ((0.137396 0.018913 0.000000) (0.000000 0.000000 1305.189604)))
(0.178178 ((0.134491 0.027219 0.000000) (0.000000 0.000000 1311.467583)))
(0.179179 ((0.130567 0.035095 0.000000) (0.000000 0.000000 1317.402955)))
(0.180180 ((0.125685 0.042416 0.000000) (0.000000 0.000000 1323.004244)))
(0.181181 ((0.119924 0.049068 0.000000) (0.000000 0.000000 1328.279991)))
(0.182182 ((0.113373 0.054943 0.000000) (0.000000 0.000000 1333.238690)))
(0.183183 ((0.106138 0.059951 0.000000) (0.000000 0.000000 1337.889115)))
(0.184184 ((0.098331 0.064011 0.000000) (0.000000 0.000000 1342.241076)))
(0.185185 ((0.090076 0.067059 0.000000) (0.000000 0.000000 1346.306650)))
(0.186186 ((0.081505 0.069048 0.000000) (0.000000 0.000000 1350.101928)))
(0.187187 ((0.072751 0.069946 0.000000) (0.000000 0.000000 1353.649336)))
(0.188188 ((0.063954 0.069738 0.000000) (0.000000 0.000000 1356.980520)))
(0.189189 ((0.055253 0.068429 0.000000) (0.000000 0.000000 1360.139718)))
(0.190190 ((0.046784 0.066038 0.000000) (0.000000 0.000000 1363.187360)))
(0.191191 ((0.038683 0.062604 0.000000) (0.000000 0.000000 1366.203327)))
(0.192192 ((0.031076 0.058180 0.000000) (0.000000 0.000000 1369.288891)))
(0.193193 ((0.024084 0.052837 0.000000) (0.000000 0.000000 1372.565920)))
(0.194194 ((0.017818 0.046659 0.000000) (0.000000 0.000000 1376.171689)))
(0.195195 ((0.012377 0.039744 0.000000) (0.000000 0.000000 1380.248101)))
(0.196196 ((0.007846 0.032200 0.000000) (0.000000 0.000000 1384.925809)))
(0.197197 ((0.004297 0.024148 0.000000) (0.000000 0.000000 1390.306383)))
(0.198198 ((0.001787 0.015714 0.000000) (0.000000 0.000000 1396.447966)))
(0.199199 ((0.000354 0.007032 0.000000) (0.000000 0.000000 1403.359598)))
(0.200200 ((0.000022 -0.001761 0.000000) (0.000000 0.000000 1411.005836)))
(0.201201 ((0.000796 -0.010526 0.000000) (0.000000 0.000000 1419.318826)))
(0.202202 ((0.002663 -0.019125 0.000000) (0.000000 0.000000 1428.212698)))
(0.203203 ((0.005595 -0.027422 0.000000) (0.000000 0.000000 1437.595925)))
(0.204204 ((0.009544 -0.035285 0.000000) (0.000000 0.000000 1447.379732)))
(0.205205 ((0.014448 -0.042591 0.000000) (0.000000 0.000000 1457.482587)))
(0.206206 ((0.020231 -0.049224 0.000000) (0.000000 0.000000 1467.831813)))
(0.207207 ((0.026800 -0.055079 0.000000) (0.000000 0.000000 1478.363438)))
(0.208208 ((0.034051 -0.060064 0.000000) (0.000000 0.000000 1489.021164)))
(0.209209 ((0.041871 -0.064099 0.000000) (0.000000 0.000000 1499.755003)))
(0.210210 ((0.050135 -0.067122 0.000000) (0.000000 0.000000 1510.519892)))
(0.211211 ((0.058713 -0.069084 0.000000) (0.000000 0.000000 1521.274450)))
(0.212212 ((0.067469 -0.069954 0.000000) (0.000000 0.000000 1531.979929)))
(0.213213 ((0.076265 -0.069719 0.000000) (0.000000 0.000000 1542.599415)))
(0.214214 ((0.084963 -0.068382 0.000000) (0.000000 0.000000 1553.097265)))
(0.215215 ((0.093423 -0.065965 0.000000) (0.000000 0.000000 1563.438814)))
(0.216216 ((0.101514 -0.062505 0.000000) (0.000000 0.000000 1573.590353)))
(0.217217 ((0.109107 -0.058057 0.000000) (0.000000 0.000000 1583.519367)))
(0.218218 ((0.116082 -0.052692 0.000000) (0.000000 0.000000 1593.195039)))
(0.219219 ((0.122328 -0.046495 0.000000) (0.000000 0.000000 1602.588946)))
(0.220220 ((0.127748 -0.039562 0.000000) (0.000000 0.000000 1611.675876)))
(0.221221 ((0.132255 -0.032005 0.000000) (0.000000 0.000000 1620.434632)))
(0.222222 ((0.135778 -0.023941 0.000000) (0.000000 0.000000 1628.848687)))
(0.223223 ((0.138262 -0.015500 0.000000) (0.000000 0.000000 1636.906549)))
(0.224224 ((0.139668 -0.006813 0.000000) (0.000000 0.000000 1644.601759)))
(0.225225 ((0.139972 0.001981 0.000000) (0.000000 0.000000 1651.932485)))
(0.226226 ((0.139171 0.010744 0.000000) (0.000000 0.000000 1658.900804)))
(0.227227 ((0.137276 0.019337 0.000000) (0.000000 0.000000 1665.511768)))
(0.228228 ((0.134319 0.027624 0.000000) (0.000000 0.000000 1671.772418)))
(0.229229 ((0.130345 0.035475 0.000000) (0.000000 0.000000 1677.690883)))
(0.230230 ((0.125417 0.042766 0.000000) (0.000000 0.000000 1683.275693)))
(0.231231 ((0.119614 0.049381 0.000000) (0.000000 0.000000 1688.535385)))
(0.232232 ((0.113027 0.055215 0.000000) (0.000000 0.000000 1693.478457)))
(0.233233 ((0.105760 0.060177 0.000000) (0.000000 0.000000 1698.113712)))
(0.234234 ((0.097928 0.064188 0.000000) (0.000000 0.000000 1702.451042)))
(0.235235 ((0.089654 0.067184 0.000000) (0.000000 0.000000 1706.502677)))
(0.236236 ((0.081070 0.069119 0.000000) (0.000000 0.000000 1710.284965)))
(0.237237 ((0.072311 0.069962 0.000000) (0.000000 0.000000 1713.820720)))
(0.238238 ((0.063516 0.069699 0.000000) (0.000000 0.000000 1717.142133)))
(0.239239 ((0.054822 0.068335 0.000000) (0.000000 0.000000 1720.294169)))
(0.240240 ((0.046369 0.065891 0.000000) (0.000000 0.000000 1723.338157)))
(0.241241 ((0.038289 0.062405 0.000000) (0.000000 0.000000 1726.355018)))
(0.242242 ((0.030711 0.057934 0.000000) (0.000000 0.000000 1729.447103)))
(0.243243 ((0.023753 0.052547 0.000000) (0.000000 0.000000 1732.737217)))
(0.244244 ((0.017526 0.046330 0.000000) (0.000000 0.000000 1736.363170)))
(0.245245 ((0.012128 0.039381 0.000000) (0.000000 0.000000 1740.466714)))
(0.246246 ((0.007645 0.031809 0.000000) (0.000000 0.000000 1745.177468)))
(0.247247 ((0.004147 0.023735 0.000000) (0.000000 0.000000 1750.595113)))
(0.248248 ((0.001689 0.015285 0.000000) (0.000000 0.000000 1756.775389)))
(0.249249 ((0.000311 0.006594 0.000000) (0.000000 0.000000 1763.724920)))
(0.250250 ((0.000035 -0.002201 0.000000) (0.000000 0.000000 1771.406314)))
(0.251251 ((0.000864 -0.010961 0.000000) (0.000000 0.000000 1779.750479)))
(0.252252 ((0.002785 -0.019548 0.000000) (0.000000 0.000000 1788.670997)))
(0.253253 ((0.005769 -0.027827 0.000000) (0.000000 0.000000 1798.076314)))
(0.254254 ((0.009767 -0.035665 0.000000) (0.000000 0.000000 1807.877939)))
(0.255255 ((0.014717 -0.042940 0.000000) (0.000000 0.000000 1817.994763)))
(0.256256 ((0.020541 -0.049536 0.000000) (0.000000 0.000000 1828.354559)))
(0.257257 ((0.027147 -0.055350 0.000000) (0.000000 0.000000 1838.893768)))
(0.258258 ((0.034430 -0.060289 0.000000) (0.000000 0.000000 1849.556440)))
(0.259259 ((0.042274 -0.064275 0.000000) (0.000000 0.000000 1860.292867)))
(0.260260 ((0.050557 -0.067246 0.000000) (0.000000 0.000000 1871.058197)))
(0.261261 ((0.059147 -0.069154 0.000000) (0.000000 0.000000 1881.811203)))
(0.262262 ((0.067909 -0.069969 0.000000) (0.000000 0.000000 1892.513247)))
(0.263263 ((0.076704 -0.069678 0.000000) (0.000000 0.000000 1903.127488)))
(0.264264 ((0.085392 -0.068287 0.000000) (0.000000 0.000000 1913.618339)))
(0.265265 ((0.093838 -0.065816 0.000000) (0.000000 0.000000 1923.951180)))
(0.266266 ((0.101907 -0.062305 0.000000) (0.000000 0.000000 1934.092352)))
(0.267267 ((0.109471 -0.057810 0.000000) (0.000000 0.000000 1944.009414)))
(0.268268 ((0.116412 -0.052401 0.000000) (0.000000 0.000000 1953.671650)))
(0.269269 ((0.122620 -0.046165 0.000000) (0.000000 0.000000 1963.050777)))
(0.270270 ((0.127996 -0.039198 0.000000) (0.000000 0.000000 1972.121765)))
(0.271271 ((0.132455 -0.031613 0.000000) (0.000000 0.000000 1980.863637)))
(0.272272 ((0.135928 -0.023527 0.000000) (0.000000 0.000000 1989.260113)))
(0.273273 ((0.138359 -0.015070 0.000000) (0.000000 0.000000 1997.299956)))
(0.274274 ((0.139709 -0.006375 0.000000) (0.000000 0.000000 2004.976949)))
(0.275275 ((0.139958 0.002421 0.000000) (0.000000 0.000000 2012.289476)))
(0.276276 ((0.139102 0.011179 0.000000) (0.000000 0.000000 2019.239787)))
(0.277277 ((0.137153 0.019760 0.000000) (0.000000 0.000000 2025.833056)))
(0.278278 ((0.134144 0.028028 0.000000) (0.000000 0.000000 2032.076398)))
(0.279279 ((0.130120 0.035854 0.000000) (0.000000 0.000000 2037.977976)))
(0.280280 ((0.125147 0.043114 0.000000) (0.000000 0.000000 2043.546328)))
(0.281281 ((0.119303 0.049692 0.000000) (0.000000 0.000000 2048.789988)))
(0.282282 ((0.112679 0.055484 0.000000) (0.000000 0.000000 2053.717454)))
(0.283283 ((0.105381 0.060400 0.000000) (0.000000 0.000000 2058.337565)))
(0.284284 ((0.097523 0.064362 0.000000) (0.000000 0.000000 2062.660293)))
(0.285285 ((0.089231 0.067306 0.000000) (0.000000 0.000000 2066.698029)))
(0.286286 ((0.080635 0.069187 0.000000) (0.000000 0.000000 2070.467384)))
(0.287287 ((0.071871 0.069975 0.000000) (0.000000 0.000000 2073.991565)))
(0.288288 ((0.063077 0.069657 0.000000) (0.000000 0.000000 2077.303320)))
(0.289289 ((0.054393 0.068238 0.000000) (0.000000 0.000000 2080.448346)))
(0.290290 ((0.045955 0.065741 0.000000) (0.000000 0.000000 2083.488882)))
(0.291291 ((0.037898 0.062205 0.000000) (0.000000 0.000000 2086.506893)))
(0.292292 ((0.030347 0.057686 0.000000) (0.000000 0.000000 2089.605807)))
(0.293293 ((0.023423 0.052255 0.000000) (0.000000 0.000000 2092.909353)))
(0.294294 ((0.017235 0.045999 0.000000) (0.000000 0.000000 2096.555848)))
(0.295295 ((0.011881 0.039016 0.000000) (0.000000 0.000000 2100.686852)))
(0.296296 ((0.007446 0.031416 0.000000) (0.000000 0.000000 2105.430903)))
(0.297297 ((0.003999 0.023320 0.000000) (0.000000 0.000000 2110.885761)))
(0.298298 ((0.001594 0.014855 0.000000) (0.000000 0.000000 2117.104744)))
(0.299299 ((0.000271 0.006156 0.000000) (0.000000 0.000000 2124.092078)))
(0.300300 ((0.000050 -0.002641 0.000000) (0.000000 0.000000 2131.808453)))
(0.301301 ((0.000934 -0.011396 0.000000) (0.000000 0.000000 2140.183574)))
(0.302302 ((0.002909 -0.019971 0.000000) (0.000000 0.000000 2149.130506)))
(0.303303 ((0.005945 -0.028230 0.000000) (0.000000 0.000000 2158.557691)))
(0.304304 ((0.009993 -0.036043 0.000000) (0.000000 0.000000 2168.376931)))
(0.305305 ((0.014989 -0.043287 0.000000) (0.000000 0.000000 2178.507545)))
(0.306306 ((0.020854 -0.049846 0.000000) (0.000000 0.000000 2188.877752)))
(0.307307 ((0.027496 -0.055618 0.000000) (0.000000 0.000000 2199.424405)))
(0.308308 ((0.034809 -0.060511 0.000000) (0.000000 0.000000 2210.091900)))
(0.309309 ((0.042679 -0.064448 0.000000) (0.000000 0.000000 2220.830802)))
(0.310310 ((0.050981 -0.067367 0.000000) (0.000000 0.000000 2231.596470)))
(0.311311 ((0.059582 -0.069220 0.000000) (0.000000 0.000000 2242.347827)))
(0.312312 ((0.068349 -0.069981 0.000000) (0.000000 0.000000 2253.046344)))
(0.313313 ((0.077142 -0.069635 0.000000) (0.000000 0.000000 2263.655253)))
(0.314314 ((0.085822 -0.068189 0.000000) (0.000000 0.000000 2274.139017)))
(0.315315 ((0.094251 -0.065665 0.000000) (0.000000 0.000000 2284.463066)))
(0.316316 ((0.102298 -0.062104 0.000000) (0.000000 0.000000 2294.593791)))
(0.317317 ((0.109834 -0.057561 0.000000) (0.000000 0.000000 2304.498825)))
(0.318318 ((0.116741 -0.052109 0.000000) (0.000000 0.000000 2314.147553)))
(0.319319 ((0.122909 -0.045833 0.000000) (0.000000 0.000000 2323.511837)))
(0.320320 ((0.128241 -0.038833 0.000000) (0.000000 0.000000 2332.566830)))
(0.321321 ((0.132653 -0.031219 0.000000) (0.000000 0.000000 2341.291778)))
(0.322322 ((0.136074 -0.023112 0.000000) (0.000000 0.000000 2349.670647)))
(0.323323 ((0.138452 -0.014640 0.000000) (0.000000 0.000000 2357.692454)))
(0.324324 ((0.139748 -0.005937 0.000000) (0.000000 0.000000 2365.351226)))
(0.325325 ((0.139942 0.002861 0.000000) (0.000000 0.000000 2372.645561)))
(0.326326 ((0.139030 0.011613 0.000000) (0.000000 0.000000 2379.577877)))
(0.327327 ((0.137028 0.020182 0.000000) (0.000000 0.000000 2386.153469)))
(0.328328 ((0.133966 0.028431 0.000000) (0.000000 0.000000 2392.379523)))
(0.329329 ((0.129894 0.036232 0.000000) (0.000000 0.000000 2398.264236)))
(0.330330 ((0.124875 0.043460 0.000000) (0.000000 0.000000 2403.816152)))
(0.331331 ((0.118989 0.050001 0.000000) (0.000000 0.000000 2409.043799)))
(0.332332 ((0.112329 0.055752 0.000000) (0.000000 0.000000 2413.955683)))
(0.333333 ((0.105000 0.060622 0.000000) (0.000000 0.000000 2418.560674)))
(0.334334 ((0.097118 0.064534 0.000000) (0.000000 0.000000 2422.868831)))
(0.335335 ((0.088808 0.067426 0.000000) (0.000000 0.000000 2426.892709)))
(0.336336 ((0.080200 0.069253 0.000000) (0.000000 0.000000 2430.649188)))
(0.337337 ((0.071431 0.069985 0.000000) (0.000000 0.000000 2434.161877)))
(0.338338 ((0.062639 0.069612 0.000000) (0.000000 0.000000 2437.464087)))
(0.339339 ((0.053964 0.068138 0.000000) (0.000000 0.000000 2440.602257)))
(0.340340 ((0.045542 0.065588 0.000000) (0.000000 0.000000 2443.639546)))
(0.341341 ((0.037507 0.062002 0.000000) (0.000000 0.000000 2446.658966)))
(0.342342 ((0.029985 0.057435 0.000000) (0.000000 0.000000 2449.765020)))
(0.343343 ((0.023096 0.051961 0.000000) (0.000000 0.000000 2453.082345)))
(0.344344 ((0.016947 0.045666 0.000000) (0.000000 0.000000 2456.749740)))
(0.345345 ((0.011637 0.038649 0.000000) (0.000000 0.000000 2460.908529)))
(0.346346 ((0.007249 0.031022 0.000000) (0.000000 0.000000 2465.686124)))
(0.347347 ((0.003853 0.022904 0.000000) (0.000000 0.000000 2471.178329)))
(0.348348 ((0.001502 0.014425 0.000000) (0.000000 0.000000 2477.436030)))
(0.349349 ((0.000234 0.005717 0.000000) (0.000000 0.000000 2484.461065)))
(0.350350 ((0.000068 -0.003081 0.000000) (0.000000 0.000000 2492.212242)))
(0.351351 ((0.001007 -0.011830 0.000000) (0.000000 0.000000 2500.618099)))
(0.352352 ((0.003036 -0.020392 0.000000) (0.000000 0.000000 2509.591216)))
(0.353353 ((0.006124 -0.028632 0.000000) (0.000000 0.000000 2519.040047)))
(0.354354 ((0.010220 -0.036420 0.000000) (0.000000 0.000000 2528.876700)))
(0.355355 ((0.015262 -0.043632 0.000000) (0.000000 0.000000 2539.020923)))
(0.356356 ((0.021168 -0.050154 0.000000) (0.000000 0.000000 2549.401385)))
(0.357357 ((0.027846 -0.055885 0.000000) (0.000000 0.000000 2559.955344)))
(0.358358 ((0.035191 -0.060731 0.000000) (0.000000 0.000000 2570.627538)))
(0.359359 ((0.043085 -0.064619 0.000000) (0.000000 0.000000 2581.368804)))
(0.360360 ((0.051405 -0.067485 0.000000) (0.000000 0.000000 2592.134707)))
(0.361361 ((0.060018 -0.069285 0.000000) (0.000000 0.000000 2602.884320)))
(0.362362 ((0.068789 -0.069990 0.000000) (0.000000 0.000000 2613.579218)))
(0.363363 ((0.077579 -0.069588 0.000000) (0.000000 0.000000 2624.182704)))
(0.364364 ((0.086250 -0.068088 0.000000) (0.000000 0.000000 2634.659297)))
(0.365365 ((0.094664 -0.065511 0.000000) (0.000000 0.000000 2644.974468)))
(0.366366 ((0.102688 -0.061899 0.000000) (0.000000 0.000000 2655.094666)))
(0.367367 ((0.110195 -0.057309 0.000000) (0.000000 0.000000 2664.987593)))
(0.368368 ((0.117068 -0.051814 0.000000) (0.000000 0.000000 2674.622744)))
(0.369369 ((0.123196 -0.045499 0.000000) (0.000000 0.000000 2683.972122)))
(0.370370 ((0.128484 -0.038466 0.000000) (0.000000 0.000000 2693.011070)))
(0.371371 ((0.132848 -0.030825 0.000000) (0.000000 0.000000 2701.719053)))
(0.372372 ((0.136218 -0.022696 0.000000) (0.000000 0.000000 2710.080287)))
(0.373373 ((0.138543 -0.014209 0.000000) (0.000000 0.000000 2718.084044)))
(0.374374 ((0.139784 -0.005498 0.000000) (0.000000 0.000000 2725.724593)))
(0.375375 ((0.139922 0.003301 0.000000) (0.000000 0.000000 2733.000741)))
(0.376376 ((0.138956 0.012047 0.000000) (0.000000 0.000000 2739.915076)))
(0.377377 ((0.136899 0.020603 0.000000) (0.000000 0.000000 2746.473008)))
(0.378378 ((0.133786 0.028833 0.000000) (0.000000 0.000000 2752.681795)))
(0.379379 ((0.129665 0.036608 0.000000) (0.000000 0.000000 2758.549665)))
(0.380380 ((0.124601 0.043804 0.000000) (0.000000 0.000000 2764.085166)))
(0.381381 ((0.118674 0.050308 0.000000) (0.000000 0.000000 2769.296822)))
(0.382382 ((0.111978 0.056017 0.000000) (0.000000 0.000000 2774.193144)))
(0.383383 ((0.104618 0.060841 0.000000) (0.000000 0.000000 2778.783040)))
(0.384384 ((0.096712 0.064703 0.000000) (0.000000 0.000000 2783.076657)))
(0.385385 ((0.088383 0.067543 0.000000) (0.000000 0.000000 2787.086719)))
(0.386386 ((0.079764 0.069316 0.000000) (0.000000 0.000000 2790.830380)))
(0.387387 ((0.070991 0.069993 0.000000) (0.000000 0.000000 2794.331659)))
(0.388388 ((0.062202 0.069564 0.000000) (0.000000 0.000000 2797.624440)))
(0.389389 ((0.053536 0.068036 0.000000) (0.000000 0.000000 2800.755912)))
(0.390390 ((0.045130 0.065433 0.000000) (0.000000 0.000000 2803.790160)))
(0.391391 ((0.037118 0.061796 0.000000) (0.000000 0.000000 2806.811251)))
(0.392392 ((0.029625 0.057182 0.000000) (0.000000 0.000000 2809.924757)))
(0.393393 ((0.022770 0.051665 0.000000) (0.000000 0.000000 2813.256212)))
(0.394394 ((0.016661 0.045332 0.000000) (0.000000 0.000000 2816.944863)))
(0.395395 ((0.011395 0.038282 0.000000) (0.000000 0.000000 2821.131760)))
(0.396396 ((0.007056 0.030627 0.000000) (0.000000 0.000000 2825.943142)))
(0.397397 ((0.003711 0.022488 0.000000) (0.000000 0.000000 2831.472822)))
(0.398398 ((0.001413 0.013994 0.000000) (0.000000 0.000000 2837.769243)))
(0.399399 ((0.000199 0.005278 0.000000) (0.000000 0.000000 2844.831873)))
(0.400400 ((0.000089 -0.003520 0.000000) (0.000000 0.000000 2852.617670)))
(0.401401 ((0.001083 -0.012264 0.000000) (0.000000 0.000000 2861.054044)))
(0.402402 ((0.003166 -0.020813 0.000000) (0.000000 0.000000 2870.053114)))
(0.403403 ((0.006305 -0.029033 0.000000) (0.000000 0.000000 2879.523371)))
(0.404404 ((0.010451 -0.036795 0.000000) (0.000000 0.000000 2889.377236)))
(0.405405 ((0.015537 -0.043975 0.000000) (0.000000 0.000000 2899.534890)))
(0.406406 ((0.021485 -0.050461 0.000000) (0.000000 0.000000 2909.925450)))
(0.407407 ((0.028199 -0.056149 0.000000) (0.000000 0.000000 2920.486576)))
(0.408408 ((0.035573 -0.060949 0.000000) (0.000000 0.000000 2931.163347)))
(0.409409 ((0.043492 -0.064787 0.000000) (0.000000 0.000000 2941.906866)))
(0.410410 ((0.051829 -0.067600 0.000000) (0.000000 0.000000 2952.672902)))
(0.411411 ((0.060454 -0.069346 0.000000) (0.000000 0.000000 2963.420675)))
(0.412412 ((0.069229 -0.069996 0.000000) (0.000000 0.000000 2974.111862)))
(0.413413 ((0.078017 -0.069539 0.000000) (0.000000 0.000000 2984.709838)))
(0.414414 ((0.086678 -0.067984 0.000000) (0.000000 0.000000 2995.179172)))
(0.415415 ((0.095075 -0.065355 0.000000) (0.000000 0.000000 3005.485383)))
(0.416416 ((0.103076 -0.061692 0.000000) (0.000000 0.000000 3015.594972)))
(0.417417 ((0.110555 -0.057055 0.000000) (0.000000 0.000000 3025.475717)))
(0.418418 ((0.117393 -0.051516 0.000000) (0.000000 0.000000 3035.097220)))
(0.419419 ((0.123481 -0.045164 0.000000) (0.000000 0.000000 3044.431631)))
(0.420420 ((0.128725 -0.038097 0.000000) (0.000000 0.000000 3053.454480)))
(0.421421 ((0.133040 -0.030429 0.000000) (0.000000 0.000000 3062.145460)))
(0.422422 ((0.136360 -0.022279 0.000000) (0.000000 0.000000 3070.489032)))
(0.423423 ((0.138631 -0.013778 0.000000) (0.000000 0.000000 3078.474725)))
(0.424424 ((0.139817 -0.005059 0.000000) (0.000000 0.000000 3086.097047)))
(0.425425 ((0.139900 0.003740 0.000000) (0.000000 0.000000 3093.355016)))
(0.426426 ((0.138878 0.012480 0.000000) (0.000000 0.000000 3100.251382)))
(0.427427 ((0.136769 0.021023 0.000000) (0.000000 0.000000 3106.791674)))
(0.428428 ((0.133603 0.029234 0.000000) (0.000000 0.000000 3112.983215)))
(0.429429 ((0.129433 0.036982 0.000000) (0.000000 0.000000 3118.834262)))
(0.430430 ((0.124324 0.044146 0.000000) (0.000000 0.000000 3124.353369)))
(0.431431 ((0.118356 0.050613 0.000000) (0.000000 0.000000 3129.549056)))
(0.432432 ((0.111624 0.056280 0.000000) (0.000000 0.000000 3134.429839)))
(0.433433 ((0.104235 0.061057 0.000000) (0.000000 0.000000 3139.004664)))
(0.434434 ((0.096304 0.064870 0.000000) (0.000000 0.000000 3143.283774)))
(0.435435 ((0.087958 0.067657 0.000000) (0.000000 0.000000 3147.280062)))
(0.436436 ((0.079328 0.069376 0.000000) (0.000000 0.000000 3151.010964)))
(0.437437 ((0.070551 0.069998 0.000000) (0.000000 0.000000 3154.500918)))
(0.438438 ((0.061764 0.069514 0.000000) (0.000000 0.000000 3157.784386)))
(0.439439 ((0.053108 0.067931 0.000000) (0.000000 0.000000 3160.909320)))
(0.440440 ((0.044719 0.065275 0.000000) (0.000000 0.000000 3163.940738)))
(0.441441 ((0.036730 0.061588 0.000000) (0.000000 0.000000 3166.963763)))
(0.442442 ((0.029266 0.056927 0.000000) (0.000000 0.000000 3170.085037)))
(0.443443 ((0.022446 0.051367 0.000000) (0.000000 0.000000 3173.430972)))
(0.444444 ((0.016377 0.044995 0.000000) (0.000000 0.000000 3177.141235)))
(0.445445 ((0.011156 0.037912 0.000000) (0.000000 0.000000 3181.356559)))
(0.446446 ((0.006864 0.030230 0.000000) (0.000000 0.000000 3186.201965)))
(0.447447 ((0.003570 0.022071 0.000000) (0.000000 0.000000 3191.769242)))
(0.448448 ((0.001326 0.013562 0.000000) (0.000000 0.000000 3198.104381)))
(0.449449 ((0.000167 0.004839 0.000000) (0.000000 0.000000 3205.204496)))
(0.450450 ((0.000112 -0.003960 0.000000) (0.000000 0.000000 3213.024729)))
(0.451451 ((0.001161 -0.012697 0.000000) (0.000000 0.000000 3221.491395)))
(0.452452 ((0.003298 -0.021233 0.000000) (0.000000 0.000000 3230.516189)))
(0.453453 ((0.006489 -0.029433 0.000000) (0.000000 0.000000 3240.007652)))
(0.454454 ((0.010683 -0.037169 0.000000) (0.000000 0.000000 3249.878529)))
(0.455455 ((0.015815 -0.044317 0.000000) (0.000000 0.000000 3260.049438)))
(0.456456 ((0.021803 -0.050765 0.000000) (0.000000 0.000000 3270.449939)))
(0.457457 ((0.028553 -0.056410 0.000000) (0.000000 0.000000 3281.018097)))
(0.458458 ((0.035957 -0.061164 0.000000) (0.000000 0.000000 3291.699322)))
(0.459459 ((0.043900 -0.064952 0.000000) (0.000000 0.000000 3302.444985)))
(0.460460 ((0.052255 -0.067713 0.000000) (0.000000 0.000000 3313.211052)))
(0.461461 ((0.060890 -0.069405 0.000000) (0.000000 0.000000 3323.956889)))
(0.462462 ((0.069670 -0.069999 0.000000) (0.000000 0.000000 3334.644274)))
(0.463463 ((0.078454 -0.069488 0.000000) (0.000000 0.000000 3345.236651)))
(0.464464 ((0.087105 -0.067878 0.000000) (0.000000 0.000000 3355.698639)))
(0.465465 ((0.095486 -0.065196 0.000000) (0.000000 0.000000 3365.995806)))
(0.466466 ((0.103464 -0.061483 0.000000) (0.000000 0.000000 3376.094705)))
(0.467467 ((0.110913 -0.056799 0.000000) (0.000000 0.000000 3385.963193)))
(0.468468 ((0.117716 -0.051217 0.000000) (0.000000 0.000000 3395.570977)))
(0.469469 ((0.123764 -0.044826 0.000000) (0.000000 0.000000 3404.890360)))
(0.470470 ((0.128963 -0.037727 0.000000) (0.000000 0.000000 3413.897061)))
(0.471471 ((0.133231 -0.030032 0.000000) (0.000000 0.000000 3422.570997)))
(0.472472 ((0.136499 -0.021862 0.000000) (0.000000 0.000000 3430.896882)))
(0.473473 ((0.138716 -0.013346 0.000000) (0.000000 0.000000 3438.864497)))
(0.474474 ((0.139847 -0.004620 0.000000) (0.000000 0.000000 3446.468589)))
(0.475475 ((0.139875 0.004180 0.000000) (0.000000 0.000000 3453.708386)))
(0.476476 ((0.138799 0.012913 0.000000) (0.000000 0.000000 3460.586799)))
(0.477477 ((0.136635 0.021442 0.000000) (0.000000 0.000000 3467.109468)))
(0.478478 ((0.133418 0.029633 0.000000) (0.000000 0.000000 3473.283783)))
(0.479479 ((0.129200 0.037355 0.000000) (0.000000 0.000000 3479.118030)))
(0.480480 ((0.124045 0.044487 0.000000) (0.000000 0.000000 3484.620764)))
(0.481481 ((0.118037 0.050916 0.000000) (0.000000 0.000000 3489.800502)))
(0.482482 ((0.111270 0.056540 0.000000) (0.000000 0.000000 3494.665769)))
(0.483483 ((0.103850 0.061271 0.000000) (0.000000 0.000000 3499.225549)))
(0.484484 ((0.095896 0.065034 0.000000) (0.000000 0.000000 3503.490182)))
(0.485485 ((0.087532 0.067769 0.000000) (0.000000 0.000000 3507.472740)))
(0.486486 ((0.078891 0.069433 0.000000) (0.000000 0.000000 3511.190944)))
(0.487487 ((0.070110 0.070000 0.000000) (0.000000 0.000000 3514.669658)))
(0.488488 ((0.061327 0.069461 0.000000) (0.000000 0.000000 3517.943933)))
(0.489489 ((0.052681 0.067824 0.000000) (0.000000 0.000000 3521.062490)))
(0.490490 ((0.044309 0.065115 0.000000) (0.000000 0.000000 3524.091289)))
(0.491491 ((0.036343 0.061378 0.000000) (0.000000 0.000000 3527.116516)))
(0.492492 ((0.028909 0.056670 0.000000) (0.000000 0.000000 3530.245875)))
(0.493493 ((0.022124 0.051067 0.000000) (0.000000 0.000000 3533.606642)))
(0.494494 ((0.016095 0.044657 0.000000) (0.000000 0.000000 3537.338873)))
(0.495495 ((0.010918 0.037542 0.000000) (0.000000 0.000000 3541.582940)))
(0.496496 ((0.006675 0.029833 0.000000) (0.000000 0.000000 3546.462603)))
(0.497497 ((0.003433 0.021652 0.000000) (0.000000 0.000000 3552.067592)))
(0.498498 ((0.001242 0.013130 0.000000) (0.000000 0.000000 3558.441440)))
(0.499499 ((0.000138 0.004400 0.000000) (0.000000 0.000000 3565.578925)))
(0.500501 ((0.000138 -0.004400 0.000000) (0.000000 0.000000 3573.433406)))
(0.501502 ((0.001242 -0.013129 0.000000) (0.000000 0.000000 3581.930142)))
(0.502503 ((0.003433 -0.021652 0.000000) (0.000000 0.000000 3590.980430)))
(0.503504 ((0.006675 -0.029832 0.000000) (0.000000 0.000000 3600.492880)))
(0.504505 ((0.010918 -0.037541 0.000000) (0.000000 0.000000 3610.380571)))
(0.505506 ((0.016095 -0.044657 0.000000) (0.000000 0.000000 3620.564558)))
(0.506507 ((0.022123 -0.051067 0.000000) (0.000000 0.000000 3630.974847)))
(0.507508 ((0.028908 -0.056670 0.000000) (0.000000 0.000000 3641.549899)))
(0.508509 ((0.036343 -0.061377 0.000000) (0.000000 0.000000 3652.235457)))
(0.509510 ((0.044309 -0.065115 0.000000) (0.000000 0.000000 3662.983153)))
(0.510511 ((0.052681 -0.067824 0.000000) (0.000000 0.000000 3673.749150)))
(0.511512 ((0.061327 -0.069461 0.000000) (0.000000 0.000000 3684.492956)))
(0.512513 ((0.070110 -0.070000 0.000000) (0.000000 0.000000 3695.176447)))
(0.513514 ((0.078891 -0.069433 0.000000) (0.000000 0.000000 3705.763137)))
(0.514515 ((0.087532 -0.067769 0.000000) (0.000000 0.000000 3716.217695)))
(0.515516 ((0.095895 -0.065034 0.000000) (0.000000 0.000000 3726.505733)))
(0.516517 ((0.103850 -0.061271 0.000000) (0.000000 0.000000 3736.593862)))
(0.517518 ((0.111269 -0.056541 0.000000) (0.000000 0.000000 3746.450016)))
(0.518519 ((0.118037 -0.050916 0.000000) (0.000000 0.000000 3756.044013)))
(0.519520 ((0.124045 -0.044487 0.000000) (0.000000 0.000000 3765.348307)))
(0.520521 ((0.129199 -0.037356 0.000000) (0.000000 0.000000 3774.338808)))
(0.521522 ((0.133418 -0.029633 0.000000) (0.000000 0.000000 3782.995664)))
(0.522523 ((0.136635 -0.021443 0.000000) (0.000000 0.000000 3791.303835)))
(0.523524 ((0.138799 -0.012914 0.000000) (0.000000 0.000000 3799.253358)))
(0.524525 ((0.139875 -0.004180 0.000000) (0.000000 0.000000 3806.839220)))
(0.525526 ((0.139847 0.004619 0.000000) (0.000000 0.000000 3814.060852)))
(0.526527 ((0.138716 0.013346 0.000000) (0.000000 0.000000 3820.921325)))
(0.527528 ((0.136499 0.021861 0.000000) (0.000000 0.000000 3827.426390)))
(0.528529 ((0.133231 0.030031 0.000000) (0.000000 0.000000 3833.583502)))
(0.529530 ((0.128963 0.037727 0.000000) (0.000000 0.000000 3839.400969)))
(0.530531 ((0.123764 0.044826 0.000000) (0.000000 0.000000 3844.887352)))
(0.531532 ((0.117716 0.051217 0.000000) (0.000000 0.000000 3850.051162)))
(0.532533 ((0.110913 0.056799 0.000000) (0.000000 0.000000 3854.900934)))
(0.533534 ((0.103464 0.061483 0.000000) (0.000000 0.000000 3859.445696)))
(0.534535 ((0.095486 0.065195 0.000000) (0.000000 0.000000 3863.695885)))
(0.535536 ((0.087106 0.067878 0.000000) (0.000000 0.000000 3867.664755)))
(0.536537 ((0.078455 0.069488 0.000000) (0.000000 0.000000 3871.370323)))
(0.537538 ((0.069670 0.069999 0.000000) (0.000000 0.000000 3874.837883)))
(0.538539 ((0.060891 0.069405 0.000000) (0.000000 0.000000 3878.103086)))
(0.539540 ((0.052255 0.067714 0.000000) (0.000000 0.000000 3881.215431)))
(0.540541 ((0.043900 0.064952 0.000000) (0.000000 0.000000 3884.241827)))
(0.541542 ((0.035958 0.061165 0.000000) (0.000000 0.000000 3887.269526)))
(0.542543 ((0.028553 0.056411 0.000000) (0.000000 0.000000 3890.407289)))
(0.543544 ((0.021803 0.050765 0.000000) (0.000000 0.000000 3893.783240)))
(0.544545 ((0.015815 0.044317 0.000000) (0.000000 0.000000 3897.537793)))
(0.545546 ((0.010683 0.037169 0.000000) (0.000000 0.000000 3901.810918)))
(0.546547 ((0.006489 0.029434 0.000000) (0.000000 0.000000 3906.725063)))
(0.547548 ((0.003298 0.021233 0.000000) (0.000000 0.000000 3912.367875)))
(0.548549 ((0.001161 0.012697 0.000000) (0.000000 0.000000 3918.780416)))
(0.549550 ((0.000112 0.003960 0.000000) (0.000000 0.000000 3925.955153)))
(0.550551 ((0.000167 -0.004839 0.000000) (0.000000 0.000000 3933.843692)))
(0.551552 ((0.001326 -0.013562 0.000000) (0.000000 0.000000 3942.370274)))
(0.552553 ((0.003570 -0.022070 0.000000) (0.000000 0.000000 3951.445826)))
(0.553554 ((0.006864 -0.030230 0.000000) (0.000000 0.000000 3960.979044)))
(0.554555 ((0.011155 -0.037912 0.000000) (0.000000 0.000000 3970.883351)))
(0.555556 ((0.016377 -0.044995 0.000000) (0.000000 0.000000 3981.080242)))
(0.556557 ((0.022445 -0.051367 0.000000) (0.000000 0.000000 3991.500164)))
(0.557558 ((0.029266 -0.056927 0.000000) (0.000000 0.000000 4002.081976)))
(0.558559 ((0.036729 -0.061588 0.000000) (0.000000 0.000000 4012.771747)))
(0.559560 ((0.044719 -0.065275 0.000000) (0.000000 0.000000 4023.521367)))
(0.560561 ((0.053108 -0.067931 0.000000) (0.000000 0.000000 4034.287193)))
(0.561562 ((0.061764 -0.069514 0.000000) (0.000000 0.000000 4045.028872)))
(0.562563 ((0.070550 -0.069998 0.000000) (0.000000 0.000000 4055.708378)))
(0.563564 ((0.079328 -0.069376 0.000000) (0.000000 0.000000 4066.289292)))
(0.564565 ((0.087958 -0.067657 0.000000) (0.000000 0.000000 4076.736333)))
(0.565566 ((0.096304 -0.064870 0.000000) (0.000000 0.000000 4087.015160)))
(0.566567 ((0.104234 -0.061057 0.000000) (0.000000 0.000000 4097.092439)))
(0.567568 ((0.111624 -0.056280 0.000000) (0.000000 0.000000 4106.936183)))
(0.568569 ((0.118356 -0.050613 0.000000) (0.000000 0.000000 4116.516324)))
(0.569570 ((0.124324 -0.044147 0.000000) (0.000000 0.000000 4125.805468)))
(0.570571 ((0.129433 -0.036982 0.000000) (0.000000 0.000000 4134.779720)))
(0.571572 ((0.133603 -0.029234 0.000000) (0.000000 0.000000 4143.419457)))
(0.572573 ((0.136768 -0.021023 0.000000) (0.000000 0.000000 4151.709890)))
(0.573574 ((0.138878 -0.012481 0.000000) (0.000000 0.000000 4159.641310)))
(0.574575 ((0.139900 -0.003741 0.000000) (0.000000 0.000000 4167.208940)))
(0.575576 ((0.139817 0.005058 0.000000) (0.000000 0.000000 4174.412414)))
(0.576577 ((0.138631 0.013778 0.000000) (0.000000 0.000000 4181.254963)))
(0.577578 ((0.136360 0.022279 0.000000) (0.000000 0.000000 4187.742443)))
(0.578579 ((0.133041 0.030428 0.000000) (0.000000 0.000000 4193.882371)))
(0.579580 ((0.128725 0.038097 0.000000) (0.000000 0.000000 4199.683080)))
(0.580581 ((0.123482 0.045163 0.000000) (0.000000 0.000000 4205.153133)))
(0.581582 ((0.117393 0.051516 0.000000) (0.000000 0.000000 4210.301038)))
(0.582583 ((0.110555 0.057055 0.000000) (0.000000 0.000000 4215.135337)))
(0.583584 ((0.103077 0.061692 0.000000) (0.000000 0.000000 4219.665105)))
(0.584585 ((0.095076 0.065354 0.000000) (0.000000 0.000000 4223.900883)))
(0.585586 ((0.086678 0.067984 0.000000) (0.000000 0.000000 4227.856111)))
(0.586587 ((0.078017 0.069539 0.000000) (0.000000 0.000000 4231.549105)))
(0.587588 ((0.069230 0.069996 0.000000) (0.000000 0.000000 4235.005600)))
(0.588589 ((0.060454 0.069346 0.000000) (0.000000 0.000000 4238.261854)))
(0.589590 ((0.051830 0.067601 0.000000) (0.000000 0.000000 4241.368154)))
(0.590591 ((0.043492 0.064787 0.000000) (0.000000 0.000000 4244.392364)))
(0.591592 ((0.035574 0.060949 0.000000) (0.000000 0.000000 4247.422806)))
(0.592593 ((0.028199 0.056149 0.000000) (0.000000 0.000000 4250.569296)))
(0.593594 ((0.021485 0.050461 0.000000) (0.000000 0.000000 4253.960785)))
(0.594595 ((0.015538 0.043976 0.000000) (0.000000 0.000000 4257.738014)))
(0.595596 ((0.010451 0.036795 0.000000) (0.000000 0.000000 4262.040505)))
(0.596597 ((0.006305 0.029034 0.000000) (0.000000 0.000000 4266.989356)))
(0.597598 ((0.003166 0.020813 0.000000) (0.000000 0.000000 4272.670093)))
(0.598599 ((0.001083 0.012264 0.000000) (0.000000 0.000000 4279.121307)))
(0.599600 ((0.000089 0.003521 0.000000) (0.000000 0.000000 4286.333170)))
(0.600601 ((0.000199 -0.005278 0.000000) (0.000000 0.000000 4294.255576)))
(0.601602 ((0.001413 -0.013993 0.000000) (0.000000 0.000000 4302.811778)))
(0.602603 ((0.003710 -0.022487 0.000000) (0.000000 0.000000 4311.912364)))
(0.603604 ((0.007055 -0.030626 0.000000) (0.000000 0.000000 4321.466135)))
(0.604605 ((0.011395 -0.038281 0.000000) (0.000000 0.000000 4331.386861)))
(0.605606 ((0.016661 -0.045331 0.000000) (0.000000 0.000000 4341.596482)))
(0.606607 ((0.022769 -0.051665 0.000000) (0.000000 0.000000 4352.025885)))
(0.607608 ((0.029624 -0.057182 0.000000) (0.000000 0.000000 4362.614321)))
(0.608609 ((0.037117 -0.061796 0.000000) (0.000000 0.000000 4373.308185)))
(0.609610 ((0.045130 -0.065433 0.000000) (0.000000 0.000000 4384.059620)))
(0.610611 ((0.053536 -0.068036 0.000000) (0.000000 0.000000 4394.825174)))
(0.611612 ((0.062201 -0.069564 0.000000) (0.000000 0.000000 4405.564632)))
(0.612613 ((0.070990 -0.069993 0.000000) (0.000000 0.000000 4416.240063)))
(0.613614 ((0.079764 -0.069316 0.000000) (0.000000 0.000000 4426.815113)))
(0.614615 ((0.088383 -0.067543 0.000000) (0.000000 0.000000 4437.254551)))
(0.615616 ((0.096711 -0.064703 0.000000) (0.000000 0.000000 4447.524083)))
(0.616617 ((0.104618 -0.060841 0.000000) (0.000000 0.000000 4457.590432)))
(0.617618 ((0.111977 -0.056017 0.000000) (0.000000 0.000000 4467.421690)))
(0.618619 ((0.118673 -0.050308 0.000000) (0.000000 0.000000 4476.987906)))
(0.619620 ((0.124600 -0.043804 0.000000) (0.000000 0.000000 4486.261840)))
(0.620621 ((0.129665 -0.036608 0.000000) (0.000000 0.000000 4495.219795)))
(0.621622 ((0.133786 -0.028833 0.000000) (0.000000 0.000000 4503.842376)))
(0.622623 ((0.136899 -0.020603 0.000000) (0.000000 0.000000 4512.115047)))
(0.623624 ((0.138956 -0.012047 0.000000) (0.000000 0.000000 4520.028351)))
(0.624625 ((0.139922 -0.003301 0.000000) (0.000000 0.000000 4527.577749)))
(0.625626 ((0.139784 0.005497 0.000000) (0.000000 0.000000 4534.763074)))
(0.626627 ((0.138543 0.014209 0.000000) (0.000000 0.000000 4541.587712)))
(0.627628 ((0.136219 0.022696 0.000000) (0.000000 0.000000 4548.057627)))
(0.628629 ((0.132848 0.030824 0.000000) (0.000000 0.000000 4554.180392)))
(0.629630 ((0.128484 0.038465 0.000000) (0.000000 0.000000 4559.964365)))
(0.630631 ((0.123196 0.045499 0.000000) (0.000000 0.000000 4565.418109)))
(0.631632 ((0.117068 0.051813 0.000000) (0.000000 0.000000 4570.550129)))
(0.632633 ((0.110196 0.057309 0.000000) (0.000000 0.000000 4575.368979)))
(0.633634 ((0.102688 0.061899 0.000000) (0.000000 0.000000 4579.883779)))
(0.634635 ((0.094664 0.065511 0.000000) (0.000000 0.000000 4584.105179)))
(0.635636 ((0.086250 0.068088 0.000000) (0.000000 0.000000 4588.046810)))
(0.636637 ((0.077580 0.069588 0.000000) (0.000000 0.000000 4591.727293)))
(0.637638 ((0.068790 0.069990 0.000000) (0.000000 0.000000 4595.172813)))
(0.638639 ((0.060018 0.069285 0.000000) (0.000000 0.000000 4598.420243)))
(0.639640 ((0.051405 0.067485 0.000000) (0.000000 0.000000 4601.520666)))
(0.640641 ((0.043085 0.064619 0.000000) (0.000000 0.000000 4604.542912)))
(0.641642 ((0.035191 0.060732 0.000000) (0.000000 0.000000 4607.576372)))
(0.642643 ((0.027847 0.055885 0.000000) (0.000000 0.000000 4610.731912)))
(0.643644 ((0.021169 0.050155 0.000000) (0.000000 0.000000 4614.139294)))
(0.644645 ((0.015262 0.043632 0.000000) (0.000000 0.000000 4617.939552)))
(0.645646 ((0.010221 0.036420 0.000000) (0.000000 0.000000 4622.271716)))
(0.646647 ((0.006124 0.028633 0.000000) (0.000000 0.000000 4627.255488)))
(0.647648 ((0.003036 0.020393 0.000000) (0.000000 0.000000 4632.974247)))
(0.648649 ((0.001007 0.011830 0.000000) (0.000000 0.000000 4639.464109)))
(0.649650 ((0.000068 0.003081 0.000000) (0.000000 0.000000 4646.712970)))
(0.650651 ((0.000234 -0.005717 0.000000) (0.000000 0.000000 4654.669047)))
(0.651652 ((0.001502 -0.014424 0.000000) (0.000000 0.000000 4663.254644)))
(0.652653 ((0.003853 -0.022904 0.000000) (0.000000 0.000000 4672.380034)))
(0.653654 ((0.007249 -0.031022 0.000000) (0.000000 0.000000 4681.954141)))
(0.654655 ((0.011637 -0.038649 0.000000) (0.000000 0.000000 4691.891092)))
(0.655656 ((0.016947 -0.045666 0.000000) (0.000000 0.000000 4702.113269)))
(0.656657 ((0.023095 -0.051961 0.000000) (0.000000 0.000000 4712.552002)))
(0.657658 ((0.029985 -0.057435 0.000000) (0.000000 0.000000 4723.146929)))
(0.658659 ((0.037507 -0.062001 0.000000) (0.000000 0.000000 4733.844767)))
(0.659660 ((0.045542 -0.065588 0.000000) (0.000000 0.000000 4744.597908)))
(0.660661 ((0.053964 -0.068138 0.000000) (0.000000 0.000000 4755.363090)))
(0.661662 ((0.062639 -0.069612 0.000000) (0.000000 0.000000 4766.100232)))
(0.662663 ((0.071430 -0.069985 0.000000) (0.000000 0.000000 4776.771496)))
(0.663664 ((0.080199 -0.069253 0.000000) (0.000000 0.000000 4787.340594)))
(0.664665 ((0.088807 -0.067426 0.000000) (0.000000 0.000000 4797.772344)))
(0.665666 ((0.097118 -0.064534 0.000000) (0.000000 0.000000 4808.032497)))
(0.666667 ((0.105000 -0.060622 0.000000) (0.000000 0.000000 4818.087836)))
(0.667668 ((0.112329 -0.055752 0.000000) (0.000000 0.000000 4827.906535)))
(0.668669 ((0.118989 -0.050001 0.000000) (0.000000 0.000000 4837.458757)))
(0.669670 ((0.124875 -0.043460 0.000000) (0.000000 0.000000 4846.717422)))
(0.670671 ((0.129894 -0.036232 0.000000) (0.000000 0.000000 4855.659030)))
(0.671672 ((0.133966 -0.028432 0.000000) (0.000000 0.000000 4864.264419)))
(0.672673 ((0.137028 -0.020182 0.000000) (0.000000 0.000000 4872.519304)))
(0.673674 ((0.139030 -0.011613 0.000000) (0.000000 0.000000 4880.414482)))
(0.674675 ((0.139942 -0.002861 0.000000) (0.000000 0.000000 4887.945646)))
(0.675676 ((0.139748 0.005936 0.000000) (0.000000 0.000000 4895.112831)))
(0.676677 ((0.138452 0.014640 0.000000) (0.000000 0.000000 4901.919575)))
(0.677678 ((0.136075 0.023112 0.000000) (0.000000 0.000000 4908.371942)))
(0.678679 ((0.132653 0.031219 0.000000) (0.000000 0.000000 4914.477565)))
(0.679680 ((0.128241 0.038832 0.000000) (0.000000 0.000000 4920.244824)))
(0.680681 ((0.122909 0.045832 0.000000) (0.000000 0.000000 4925.682281)))
(0.681682 ((0.116741 0.052108 0.000000) (0.000000 0.000000 4930.798437)))
(0.682683 ((0.109834 0.057561 0.000000) (0.000000 0.000000 4935.601860)))
(0.683684 ((0.102298 0.062103 0.000000) (0.000000 0.000000 4940.101719)))
(0.684685 ((0.094252 0.065665 0.000000) (0.000000 0.000000 4944.308774)))
(0.685686 ((0.085822 0.068188 0.000000) (0.000000 0.000000 4948.236854)))
(0.686687 ((0.077142 0.069635 0.000000) (0.000000 0.000000 4951.904892)))
(0.687688 ((0.068349 0.069981 0.000000) (0.000000 0.000000 4955.339528)))
(0.688689 ((0.059583 0.069221 0.000000) (0.000000 0.000000 4958.578261)))
(0.689690 ((0.050981 0.067367 0.000000) (0.000000 0.000000 4961.672979)))
(0.690691 ((0.042679 0.064448 0.000000) (0.000000 0.000000 4964.693483)))
(0.691692 ((0.034810 0.060512 0.000000) (0.000000 0.000000 4967.730240)))
(0.692693 ((0.027496 0.055619 0.000000) (0.000000 0.000000 4970.895156)))
(0.693694 ((0.020854 0.049847 0.000000) (0.000000 0.000000 4974.318786)))
(0.694695 ((0.014989 0.043287 0.000000) (0.000000 0.000000 4978.142424)))
(0.695696 ((0.009993 0.036043 0.000000) (0.000000 0.000000 4982.504563)))
(0.696697 ((0.005945 0.028230 0.000000) (0.000000 0.000000 4987.523468)))
(0.697698 ((0.002909 0.019971 0.000000) (0.000000 0.000000 4993.280339)))
(0.698699 ((0.000934 0.011396 0.000000) (0.000000 0.000000 4999.808816)))
(0.699700 ((0.000050 0.002641 0.000000) (0.000000 0.000000 5007.094543)))
(0.700701 ((0.000271 -0.006155 0.000000) (0.000000 0.000000 5015.084094)))
(0.701702 ((0.001594 -0.014855 0.000000) (0.000000 0.000000 5023.698859)))
(0.702703 ((0.003998 -0.023320 0.000000) (0.000000 0.000000 5032.848825)))
(0.703704 ((0.007446 -0.031416 0.000000) (0.000000 0.000000 5042.443052)))
(0.704705 ((0.011881 -0.039015 0.000000) (0.000000 0.000000 5052.396033)))
(0.705706 ((0.017235 -0.045999 0.000000) (0.000000 0.000000 5062.630597)))
(0.706707 ((0.023423 -0.052255 0.000000) (0.000000 0.000000 5073.078508)))
(0.707708 ((0.030347 -0.057686 0.000000) (0.000000 0.000000 5083.679794)))
(0.708709 ((0.037897 -0.062205 0.000000) (0.000000 0.000000 5094.381485)))
(0.709710 ((0.045955 -0.065741 0.000000) (0.000000 0.000000 5105.136225)))
(0.710711 ((0.054393 -0.068238 0.000000) (0.000000 0.000000 5115.900935)))
(0.711712 ((0.063077 -0.069657 0.000000) (0.000000 0.000000 5126.635667)))
(0.712713 ((0.071871 -0.069975 0.000000) (0.000000 0.000000 5137.302674)))
(0.713714 ((0.080635 -0.069187 0.000000) (0.000000 0.000000 5147.865732)))
(0.714715 ((0.089231 -0.067307 0.000000) (0.000000 0.000000 5158.289708)))
(0.715716 ((0.097523 -0.064362 0.000000) (0.000000 0.000000 5168.540400)))
(0.716717 ((0.105380 -0.060401 0.000000) (0.000000 0.000000 5178.584648)))
(0.717718 ((0.112679 -0.055485 0.000000) (0.000000 0.000000 5188.390712)))
(0.718719 ((0.119302 -0.049692 0.000000) (0.000000 0.000000 5197.928874)))
(0.719720 ((0.125147 -0.043114 0.000000) (0.000000 0.000000 5207.172211)))
(0.720721 ((0.130120 -0.035855 0.000000) (0.000000 0.000000 5216.097424)))
(0.721722 ((0.134144 -0.028029 0.000000) (0.000000 0.000000 5224.685585)))
(0.722723 ((0.137153 -0.019760 0.000000) (0.000000 0.000000 5232.922661)))
(0.723724 ((0.139102 -0.011179 0.000000) (0.000000 0.000000 5240.799701)))
(0.724725 ((0.139958 -0.002421 0.000000) (0.000000 0.000000 5248.312633)))
(0.725726 ((0.139709 0.006375 0.000000) (0.000000 0.000000 5255.461687)))
(0.726727 ((0.138359 0.015070 0.000000) (0.000000 0.000000 5262.250551)))
(0.727728 ((0.135928 0.023527 0.000000) (0.000000 0.000000 5268.685391)))
(0.728729 ((0.132455 0.031612 0.000000) (0.000000 0.000000 5274.773893)))
(0.729730 ((0.127996 0.039198 0.000000) (0.000000 0.000000 5280.524459)))
(0.730731 ((0.122620 0.046164 0.000000) (0.000000 0.000000 5285.945649)))
(0.731732 ((0.116412 0.052401 0.000000) (0.000000 0.000000 5291.045963)))
(0.732733 ((0.109472 0.057810 0.000000) (0.000000 0.000000 5295.833981)))
(0.733734 ((0.101907 0.062305 0.000000) (0.000000 0.000000 5300.318927)))
(0.734735 ((0.093838 0.065816 0.000000) (0.000000 0.000000 5304.511671)))
(0.735736 ((0.085393 0.068287 0.000000) (0.000000 0.000000 5308.426246)))
(0.736737 ((0.076704 0.069678 0.000000) (0.000000 0.000000 5312.081905)))
(0.737738 ((0.067909 0.069969 0.000000) (0.000000 0.000000 5315.505751)))
(0.738739 ((0.059148 0.069154 0.000000) (0.000000 0.000000 5318.735915)))
(0.739740 ((0.050558 0.067246 0.000000) (0.000000 0.000000 5321.825102)))
(0.740741 ((0.042275 0.064275 0.000000) (0.000000 0.000000 5324.844091)))
(0.741742 ((0.034430 0.060289 0.000000) (0.000000 0.000000 5327.884424)))
(0.742743 ((0.027147 0.055350 0.000000) (0.000000 0.000000 5331.059044)))
(0.743744 ((0.020542 0.049537 0.000000) (0.000000 0.000000 5334.499278)))
(0.744745 ((0.014718 0.042940 0.000000) (0.000000 0.000000 5338.346646)))
(0.745746 ((0.009767 0.035665 0.000000) (0.000000 0.000000 5342.739061)))
(0.746747 ((0.005769 0.027827 0.000000) (0.000000 0.000000 5347.793303)))
(0.747748 ((0.002785 0.019549 0.000000) (0.000000 0.000000 5353.588370)))
(0.748749 ((0.000864 0.010962 0.000000) (0.000000 0.000000 5360.155424)))
(0.749750 ((0.000035 0.002201 0.000000) (0.000000 0.000000 5367.477880)))
(0.750751 ((0.000311 -0.006594 0.000000) (0.000000 0.000000 5375.500706)))
(0.751752 ((0.001689 -0.015285 0.000000) (0.000000 0.000000 5384.144413)))
(0.752753 ((0.004146 -0.023734 0.000000) (0.000000 0.000000 5393.318725)))
(0.753754 ((0.007644 -0.031808 0.000000) (0.000000 0.000000 5402.932858)))
(0.754755 ((0.012128 -0.039380 0.000000) (0.000000 0.000000 5412.901677)))
(0.755756 ((0.017526 -0.046330 0.000000) (0.000000 0.000000 5423.148455)))
(0.756757 ((0.023753 -0.052547 0.000000) (0.000000 0.000000 5433.605397)))
(0.757758 ((0.030710 -0.057934 0.000000) (0.000000 0.000000 5444.212908)))
(0.758759 ((0.038289 -0.062405 0.000000) (0.000000 0.000000 5454.918336)))
(0.759760 ((0.046369 -0.065891 0.000000) (0.000000 0.000000 5465.674567)))
(0.760761 ((0.054822 -0.068335 0.000000) (0.000000 0.000000 5476.438705)))
(0.761762 ((0.063515 -0.069699 0.000000) (0.000000 0.000000 5487.170932)))
(0.762763 ((0.072311 -0.069962 0.000000) (0.000000 0.000000 5497.833592)))
(0.763764 ((0.081070 -0.069119 0.000000) (0.000000 0.000000 5508.390522)))
(0.764765 ((0.089654 -0.067184 0.000000) (0.000000 0.000000 5518.806638)))
(0.765766 ((0.097927 -0.064188 0.000000) (0.000000 0.000000 5529.047786)))
(0.766767 ((0.105759 -0.060177 0.000000) (0.000000 0.000000 5539.080865)))
(0.767768 ((0.113027 -0.055215 0.000000) (0.000000 0.000000 5548.874220)))
(0.768769 ((0.119614 -0.049381 0.000000) (0.000000 0.000000 5558.398253)))
(0.769770 ((0.125417 -0.042766 0.000000) (0.000000 0.000000 5567.626203)))
(0.770771 ((0.130345 -0.035476 0.000000) (0.000000 0.000000 5576.534974)))
(0.771772 ((0.134319 -0.027625 0.000000) (0.000000 0.000000 5585.105872)))
(0.772773 ((0.137276 -0.019337 0.000000) (0.000000 0.000000 5593.325117)))
(0.773774 ((0.139171 -0.010744 0.000000) (0.000000 0.000000 5601.184010)))
(0.774775 ((0.139972 -0.001981 0.000000) (0.000000 0.000000 5608.678710)))
(0.775776 ((0.139668 0.006813 0.000000) (0.000000 0.000000 5615.809642)))
(0.776777 ((0.138262 0.015499 0.000000) (0.000000 0.000000 5622.580642)))
(0.777778 ((0.135779 0.023941 0.000000) (0.000000 0.000000 5628.997973)))
(0.778779 ((0.132255 0.032004 0.000000) (0.000000 0.000000 5635.069377)))
(0.779780 ((0.127748 0.039562 0.000000) (0.000000 0.000000 5640.803270)))
(0.780781 ((0.122329 0.046494 0.000000) (0.000000 0.000000 5646.208215)))
(0.781782 ((0.116082 0.052692 0.000000) (0.000000 0.000000 5651.292708)))
(0.782783 ((0.109107 0.058057 0.000000) (0.000000 0.000000 5656.065345)))
(0.783784 ((0.101515 0.062505 0.000000) (0.000000 0.000000 5660.535403)))
(0.784785 ((0.093424 0.065965 0.000000) (0.000000 0.000000 5664.713871)))
(0.785786 ((0.084963 0.068382 0.000000) (0.000000 0.000000 5668.614990)))
(0.786787 ((0.076266 0.069719 0.000000) (0.000000 0.000000 5672.258336)))
(0.787788 ((0.067469 0.069954 0.000000) (0.000000 0.000000 5675.671486)))
(0.788789 ((0.058713 0.069084 0.000000) (0.000000 0.000000 5678.893213)))
(0.789790 ((0.050135 0.067122 0.000000) (0.000000 0.000000 5681.977045)))
(0.790791 ((0.041871 0.064100 0.000000) (0.000000 0.000000 5684.994747)))
(0.791792 ((0.034051 0.060064 0.000000) (0.000000 0.000000 5688.038939)))
(0.792793 ((0.026800 0.055080 0.000000) (0.000000 0.000000 5691.223594)))
(0.793794 ((0.020231 0.049225 0.000000) (0.000000 0.000000 5694.680789)))
(0.794795 ((0.014449 0.042592 0.000000) (0.000000 0.000000 5698.552235)))
(0.795796 ((0.009544 0.035286 0.000000) (0.000000 0.000000 5702.975221)))
(0.796797 ((0.005595 0.027422 0.000000) (0.000000 0.000000 5708.065000)))
(0.797798 ((0.002663 0.019126 0.000000) (0.000000 0.000000 5713.898341)))
(0.798799 ((0.000796 0.010527 0.000000) (0.000000 0.000000 5720.503929)))
(0.799800 ((0.000022 0.001761 0.000000) (0.000000 0.000000 5727.862974)))
(0.800801 ((0.000354 -0.007032 0.000000) (0.000000 0.000000 5735.918873)))
(0.801802 ((0.001787 -0.015714 0.000000) (0.000000 0.000000 5744.591292)))
(0.802803 ((0.004297 -0.024148 0.000000) (0.000000 0.000000 5753.789723)))
(0.803804 ((0.007846 -0.032200 0.000000) (0.000000 0.000000 5763.423550)))
(0.804805 ((0.012377 -0.039743 0.000000) (0.000000 0.000000 5773.408013)))
(0.805806 ((0.017818 -0.046659 0.000000) (0.000000 0.000000 5783.666838)))
(0.806807 ((0.024084 -0.052837 0.000000) (0.000000 0.000000 5794.132660)))
(0.807808 ((0.031075 -0.058180 0.000000) (0.000000 0.000000 5804.746265)))
(0.808809 ((0.038682 -0.062603 0.000000) (0.000000 0.000000 5815.455312)))
(0.809810 ((0.046784 -0.066038 0.000000) (0.000000 0.000000 5826.212928)))
(0.810811 ((0.055252 -0.068429 0.000000) (0.000000 0.000000 5836.976395)))
(0.811812 ((0.063954 -0.069738 0.000000) (0.000000 0.000000 5847.706023)))
(0.812813 ((0.072751 -0.069946 0.000000) (0.000000 0.000000 5858.364245)))
(0.813814 ((0.081504 -0.069048 0.000000) (0.000000 0.000000 5868.914960)))
(0.814815 ((0.090076 -0.067059 0.000000) (0.000000 0.000000 5879.323131)))
(0.815816 ((0.098330 -0.064011 0.000000) (0.000000 0.000000 5889.554651)))
(0.816817 ((0.106137 -0.059951 0.000000) (0.000000 0.000000 5899.576482)))
(0.817818 ((0.113373 -0.054943 0.000000) (0.000000 0.000000 5909.357053)))
(0.818819 ((0.119923 -0.049068 0.000000) (0.000000 0.000000 5918.866890)))
(0.819820 ((0.125685 -0.042417 0.000000) (0.000000 0.000000 5928.079397)))
(0.820821 ((0.130566 -0.035096 0.000000) (0.000000 0.000000 5936.971679)))
(0.821822 ((0.134491 -0.027220 0.000000) (0.000000 0.000000 5945.525279)))
(0.822823 ((0.137396 -0.018914 0.000000) (0.000000 0.000000 5953.726671)))
(0.823824 ((0.139237 -0.010309 0.000000) (0.000000 0.000000 5961.567407)))
(0.824825 ((0.139983 -0.001541 0.000000) (0.000000 0.000000 5969.043877)))
(0.825826 ((0.139623 0.007251 0.000000) (0.000000 0.000000 5976.156697)))
(0.826827 ((0.138164 0.015928 0.000000) (0.000000 0.000000 5982.909848)))
(0.827828 ((0.135627 0.024354 0.000000) (0.000000 0.000000 5989.309691)))
(0.828829 ((0.132053 0.032395 0.000000) (0.000000 0.000000 5995.364016)))
(0.829830 ((0.127498 0.039924 0.000000) (0.000000 0.000000 6001.081259)))
(0.830831 ((0.122035 0.046823 0.000000) (0.000000 0.000000 6006.469980)))
(0.831832 ((0.115750 0.052981 0.000000) (0.000000 0.000000 6011.538673)))
(0.832833 ((0.108741 0.058302 0.000000) (0.000000 0.000000 6016.295952)))
(0.833834 ((0.101121 0.062702 0.000000) (0.000000 0.000000 6020.751149)))
(0.834835 ((0.093009 0.066111 0.000000) (0.000000 0.000000 6024.915377)))
(0.835836 ((0.084533 0.068475 0.000000) (0.000000 0.000000 6028.803088)))
(0.836837 ((0.075827 0.069757 0.000000) (0.000000 0.000000 6032.434190)))
(0.837838 ((0.067029 0.069937 0.000000) (0.000000 0.000000 6035.836740)))
(0.838839 ((0.058279 0.069012 0.000000) (0.000000 0.000000 6039.050163)))
(0.839840 ((0.049713 0.066996 0.000000) (0.000000 0.000000 6042.128818)))
(0.840841 ((0.041468 0.063921 0.000000) (0.000000 0.000000 6045.145465)))
(0.841842 ((0.033674 0.059837 0.000000) (0.000000 0.000000 6048.193802)))
(0.842843 ((0.026454 0.054807 0.000000) (0.000000 0.000000 6051.388823)))
(0.843844 ((0.019923 0.048911 0.000000) (0.000000 0.000000 6054.863336)))
(0.844845 ((0.014182 0.042242 0.000000) (0.000000 0.000000 6058.759207)))
(0.845846 ((0.009323 0.034905 0.000000) (0.000000 0.000000 6063.213056)))
(0.846847 ((0.005424 0.027017 0.000000) (0.000000 0.000000 6068.338567)))
(0.847848 ((0.002544 0.018702 0.000000) (0.000000 0.000000 6074.210254)))
(0.848849 ((0.000731 0.010091 0.000000) (0.000000 0.000000 6080.854326)))
(0.849850 ((0.000012 0.001321 0.000000) (0.000000 0.000000 6088.249815)))
(0.850851 ((0.000400 -0.007470 0.000000) (0.000000 0.000000 6096.338582)))
(0.851852 ((0.001887 -0.016143 0.000000) (0.000000 0.000000 6105.039487)))
(0.852853 ((0.004450 -0.024561 0.000000) (0.000000 0.000000 6114.261809)))
(0.853854 ((0.008049 -0.032590 0.000000) (0.000000 0.000000 6123.915116)))
(0.854855 ((0.012628 -0.040105 0.000000) (0.000000 0.000000 6133.915034)))
(0.855856 ((0.018112 -0.046986 0.000000) (0.000000 0.000000 6144.185736)))
(0.856857 ((0.024417 -0.053124 0.000000) (0.000000 0.000000 6154.660291)))
(0.857858 ((0.031442 -0.058423 0.000000) (0.000000 0.000000 6165.279860)))
(0.858859 ((0.039076 -0.062799 0.000000) (0.000000 0.000000 6175.992410)))
(0.859860 ((0.047199 -0.066183 0.000000) (0.000000 0.000000 6186.751303)))
(0.860861 ((0.055683 -0.068520 0.000000) (0.000000 0.000000 6197.514000)))
(0.861862 ((0.064392 -0.069775 0.000000) (0.000000 0.000000 6208.240935)))
(0.862863 ((0.073190 -0.069927 0.000000) (0.000000 0.000000 6218.894629)))
(0.863864 ((0.081938 -0.068974 0.000000) (0.000000 0.000000 6229.439041)))
(0.864865 ((0.090497 -0.066932 0.000000) (0.000000 0.000000 6239.839182)))
(0.865866 ((0.098732 -0.063831 0.000000) (0.000000 0.000000 6250.060992)))
(0.866867 ((0.106514 -0.059722 0.000000) (0.000000 0.000000 6260.071495)))
(0.867868 ((0.113718 -0.054670 0.000000) (0.000000 0.000000 6269.839209)))
(0.868869 ((0.120231 -0.048753 0.000000) (0.000000 0.000000 6279.334784)))
(0.869870 ((0.125951 -0.042066 0.000000) (0.000000 0.000000 6288.531788)))
(0.870871 ((0.130786 -0.034714 0.000000) (0.000000 0.000000 6297.407535)))
(0.871872 ((0.134661 -0.026814 0.000000) (0.000000 0.000000 6305.943804)))
(0.872873 ((0.137514 -0.018490 0.000000) (0.000000 0.000000 6314.127322)))
(0.873874 ((0.139300 -0.009873 0.000000) (0.000000 0.000000 6321.949893)))
(0.874875 ((0.139991 -0.001101 0.000000) (0.000000 0.000000 6329.408133)))
(0.875876 ((0.139576 0.007689 0.000000) (0.000000 0.000000 6336.502851)))
(0.876877 ((0.138062 0.016357 0.000000) (0.000000 0.000000 6343.238171)))
(0.877878 ((0.135472 0.024767 0.000000) (0.000000 0.000000 6349.620545)))
(0.878879 ((0.131848 0.032785 0.000000) (0.000000 0.000000 6355.657812)))
(0.879880 ((0.127246 0.040285 0.000000) (0.000000 0.000000 6361.358426)))
(0.880881 ((0.121740 0.047149 0.000000) (0.000000 0.000000 6366.730945)))
(0.881882 ((0.115416 0.053267 0.000000) (0.000000 0.000000 6371.783860)))
(0.882883 ((0.108374 0.058544 0.000000) (0.000000 0.000000 6376.525803)))
(0.883884 ((0.100726 0.062896 0.000000) (0.000000 0.000000 6380.966167)))
(0.884885 ((0.092592 0.066254 0.000000) (0.000000 0.000000 6385.116190)))
(0.885886 ((0.084102 0.068565 0.000000) (0.000000 0.000000 6388.990542)))
(0.886887 ((0.075388 0.069792 0.000000) (0.000000 0.000000 6392.609469)))
(0.887888 ((0.066590 0.069917 0.000000) (0.000000 0.000000 6396.001517)))
(0.888889 ((0.057845 0.068937 0.000000) (0.000000 0.000000 6399.206771)))
(0.889890 ((0.049292 0.066867 0.000000) (0.000000 0.000000 6402.280432)))
(0.890891 ((0.041067 0.063741 0.000000) (0.000000 0.000000 6405.296257)))
(0.891892 ((0.033299 0.059607 0.000000) (0.000000 0.000000 6408.349028)))
(0.892893 ((0.026111 0.054532 0.000000) (0.000000 0.000000 6411.554748)))
(0.893894 ((0.019616 0.048595 0.000000) (0.000000 0.000000 6415.046937)))
(0.894895 ((0.013917 0.041890 0.000000) (0.000000 0.000000 6418.967579)))
(0.895896 ((0.009105 0.034523 0.000000) (0.000000 0.000000 6423.452578)))
(0.896897 ((0.005255 0.026610 0.000000) (0.000000 0.000000 6428.614009)))
(0.897898 ((0.002428 0.018277 0.000000) (0.000000 0.000000 6434.524107)))
(0.898899 ((0.000669 0.009655 0.000000) (0.000000 0.000000 6441.206609)))
(0.899900 ((0.000006 0.000881 0.000000) (0.000000 0.000000 6448.638393)))
(0.900901 ((0.000448 -0.007907 0.000000) (0.000000 0.000000 6456.759825)))
(0.901902 ((0.001990 -0.016571 0.000000) (0.000000 0.000000 6465.488985)))
(0.902903 ((0.004606 -0.024972 0.000000) (0.000000 0.000000 6474.734971)))
(0.903904 ((0.008256 -0.032979 0.000000) (0.000000 0.000000 6484.407546)))
(0.904905 ((0.012881 -0.040465 0.000000) (0.000000 0.000000 6494.422730)))
(0.905906 ((0.018409 -0.047311 0.000000) (0.000000 0.000000 6504.705142)))
(0.906907 ((0.024752 -0.053410 0.000000) (0.000000 0.000000 6515.188283)))
(0.907908 ((0.031810 -0.058665 0.000000) (0.000000 0.000000 6525.813687)))
(0.908909 ((0.039472 -0.062992 0.000000) (0.000000 0.000000 6536.529622)))
(0.909910 ((0.047616 -0.066325 0.000000) (0.000000 0.000000 6547.289687)))
(0.910911 ((0.056114 -0.068609 0.000000) (0.000000 0.000000 6558.051514)))
(0.911912 ((0.064831 -0.069809 0.000000) (0.000000 0.000000 6568.775664)))
(0.912913 ((0.073630 -0.069906 0.000000) (0.000000 0.000000 6579.424740)))
(0.913914 ((0.082372 -0.068898 0.000000) (0.000000 0.000000 6589.962762)))
(0.914915 ((0.090918 -0.066802 0.000000) (0.000000 0.000000 6600.354787)))
(0.915916 ((0.099133 -0.063649 0.000000) (0.000000 0.000000 6610.566804)))
(0.916917 ((0.106888 -0.059492 0.000000) (0.000000 0.000000 6620.565901)))
(0.917918 ((0.114061 -0.054394 0.000000) (0.000000 0.000000 6630.320684)))
(0.918919 ((0.120537 -0.048436 0.000000) (0.000000 0.000000 6639.801930)))
(0.919920 ((0.126214 -0.041713 0.000000) (0.000000 0.000000 6648.983376)))
(0.920921 ((0.131003 -0.034331 0.000000) (0.000000 0.000000 6657.842542)))
(0.921922 ((0.134828 -0.026406 0.000000) (0.000000 0.000000 6666.361446)))
(0.922923 ((0.137629 -0.018065 0.000000) (0.000000 0.000000 6674.527070)))
(0.923924 ((0.139361 -0.009437 0.000000) (0.000000 0.000000 6682.331466)))
(0.924925 ((0.139997 -0.000661 0.000000) (0.000000 0.000000 6689.771480)))
(0.925926 ((0.139527 0.008126 0.000000) (0.000000 0.000000 6696.848107)))
(0.926927 ((0.137958 0.016785 0.000000) (0.000000 0.000000 6703.565611)))
(0.927928 ((0.135315 0.025178 0.000000) (0.000000 0.000000 6709.930535)))
(0.928929 ((0.131640 0.033173 0.000000) (0.000000 0.000000 6715.950767)))
(0.929930 ((0.126992 0.040644 0.000000) (0.000000 0.000000 6721.634774)))
(0.930931 ((0.121442 0.047473 0.000000) (0.000000 0.000000 6726.991111)))
(0.931932 ((0.115080 0.053552 0.000000) (0.000000 0.000000 6732.028269)))
(0.932933 ((0.108005 0.058785 0.000000) (0.000000 0.000000 6736.754900)))
(0.933934 ((0.100330 0.063088 0.000000) (0.000000 0.000000 6741.180459)))
(0.934935 ((0.092175 0.066395 0.000000) (0.000000 0.000000 6745.316313)))
(0.935936 ((0.083670 0.068652 0.000000) (0.000000 0.000000 6749.177356)))
(0.936937 ((0.074949 0.069825 0.000000) (0.000000 0.000000 6752.784180)))
(0.937938 ((0.066150 0.069894 0.000000) (0.000000 0.000000 6756.165825)))
(0.938939 ((0.057412 0.068859 0.000000) (0.000000 0.000000 6759.363047)))
(0.939940 ((0.048872 0.066735 0.000000) (0.000000 0.000000 6762.431897)))
(0.940941 ((0.040667 0.063558 0.000000) (0.000000 0.000000 6765.447138)))
(0.941942 ((0.032925 0.059375 0.000000) (0.000000 0.000000 6768.504632)))
(0.942943 ((0.025768 0.054255 0.000000) (0.000000 0.000000 6771.721388)))
(0.943944 ((0.019311 0.048277 0.000000) (0.000000 0.000000 6775.231611)))
(0.944945 ((0.013655 0.041536 0.000000) (0.000000 0.000000 6779.177368)))
(0.945946 ((0.008889 0.034139 0.000000) (0.000000 0.000000 6783.693800)))
(0.946947 ((0.005089 0.026202 0.000000) (0.000000 0.000000 6788.891333)))
(0.947948 ((0.002315 0.017852 0.000000) (0.000000 0.000000 6794.839901)))
(0.948949 ((0.000610 0.009219 0.000000) (0.000000 0.000000 6801.560773)))
(0.949950 ((0.000001 0.000441 0.000000) (0.000000 0.000000 6809.028701)))
(0.950951 ((0.000499 -0.008345 0.000000) (0.000000 0.000000 6817.182588)))
(0.951952 ((0.002095 -0.016998 0.000000) (0.000000 0.000000 6825.939775)))
(0.952953 ((0.004764 -0.025383 0.000000) (0.000000 0.000000 6835.209198)))
(0.953954 ((0.008464 -0.033367 0.000000) (0.000000 0.000000 6844.900832)))
(0.954955 ((0.013137 -0.040823 0.000000) (0.000000 0.000000 6854.931092)))
(0.955956 ((0.018707 -0.047635 0.000000) (0.000000 0.000000 6865.225049)))
(0.956957 ((0.025089 -0.053694 0.000000) (0.000000 0.000000 6875.716629)))
(0.957958 ((0.032180 -0.058904 0.000000) (0.000000 0.000000 6886.347739)))
(0.958959 ((0.039869 -0.063183 0.000000) (0.000000 0.000000 6897.066943)))
(0.959960 ((0.048034 -0.066464 0.000000) (0.000000 0.000000 6907.828074)))
(0.960961 ((0.056546 -0.068695 0.000000) (0.000000 0.000000 6918.588935)))
(0.961962 ((0.065270 -0.069840 0.000000) (0.000000 0.000000 6929.310205)))
(0.962963 ((0.074070 -0.069882 0.000000) (0.000000 0.000000 6939.954573)))
(0.963964 ((0.082805 -0.068819 0.000000) (0.000000 0.000000 6950.486117)))
(0.964965 ((0.091337 -0.066669 0.000000) (0.000000 0.000000 6960.869941)))
(0.965966 ((0.099533 -0.063465 0.000000) (0.000000 0.000000 6971.072084)))
(0.966967 ((0.107262 -0.059258 0.000000) (0.000000 0.000000 6981.059695)))
(0.967968 ((0.114402 -0.054115 0.000000) (0.000000 0.000000 6990.801474)))
(0.968969 ((0.120840 -0.048117 0.000000) (0.000000 0.000000 7000.268326)))
(0.969970 ((0.126475 -0.041359 0.000000) (0.000000 0.000000 7009.434157)))
(0.970971 ((0.131218 -0.033947 0.000000) (0.000000 0.000000 7018.276697)))
(0.971972 ((0.134993 -0.025998 0.000000) (0.000000 0.000000 7026.778204)))
(0.972973 ((0.137741 -0.017639 0.000000) (0.000000 0.000000 7034.925914)))
(0.973974 ((0.139419 -0.009001 0.000000) (0.000000 0.000000 7042.712128)))
(0.974975 ((0.140000 -0.000221 0.000000) (0.000000 0.000000 7050.133918)))
(0.975976 ((0.139474 0.008563 0.000000) (0.000000 0.000000 7057.192465)))
(0.976977 ((0.137851 0.017212 0.000000) (0.000000 0.000000 7063.892169)))
(0.977978 ((0.135156 0.025588 0.000000) (0.000000 0.000000 7070.239664)))
(0.978979 ((0.131431 0.033560 0.000000) (0.000000 0.000000 7076.242882)))
(0.979980 ((0.126735 0.041002 0.000000) (0.000000 0.000000 7081.910302)))
(0.980981 ((0.121142 0.047796 0.000000) (0.000000 0.000000 7087.250478)))
(0.981982 ((0.114742 0.053834 0.000000) (0.000000 0.000000 7092.271902)))
(0.982983 ((0.107635 0.059022 0.000000) (0.000000 0.000000 7096.983244)))
(0.983984 ((0.099932 0.063278 0.000000) (0.000000 0.000000 7101.394026)))
(0.984985 ((0.091757 0.066533 0.000000) (0.000000 0.000000 7105.515748)))
(0.985986 ((0.083238 0.068737 0.000000) (0.000000 0.000000 7109.363533)))
(0.986987 ((0.074510 0.069855 0.000000) (0.000000 0.000000 7112.958324)))
(0.987988 ((0.065711 0.069868 0.000000) (0.000000 0.000000 7116.329668)))
(0.988989 ((0.056979 0.068778 0.000000) (0.000000 0.000000 7119.518998)))
(0.989990 ((0.048453 0.066601 0.000000) (0.000000 0.000000 7122.583224)))
(0.990991 ((0.040268 0.063372 0.000000) (0.000000 0.000000 7125.598119)))
(0.991992 ((0.032552 0.059141 0.000000) (0.000000 0.000000 7128.660631)))
(0.992993 ((0.025428 0.053975 0.000000) (0.000000 0.000000 7131.888760)))
(0.993994 ((0.019009 0.047957 0.000000) (0.000000 0.000000 7135.417375)))
(0.994995 ((0.013395 0.041181 0.000000) (0.000000 0.000000 7139.388588)))
(0.995996 ((0.008676 0.033754 0.000000) (0.000000 0.000000 7143.936734)))
(0.996997 ((0.004926 0.025794 0.000000) (0.000000 0.000000 7149.170545)))
(0.997998 ((0.002204 0.017426 0.000000) (0.000000 0.000000 7155.157636)))
(0.998999 ((0.000553 0.008782 0.000000) (0.000000 0.000000 7161.916812)))
(1.000000 ((0.000000 0.000000 0.000000) (0.000000 0.000000 7169.420727)))
)

