
1000
(
(0.000000 ((0.000000 0.000000 0.000000) (0.000000 0.000000 30.314796)))
(0.001001 ((-0.000553 0.008782 0.000000) (0.000000 0.000000 37.364307)))
(0.002002 ((-0.002204 0.017425 0.000000) (0.000000 0.000000 44.055118)))
(0.003003 ((-0.004925 0.025793 0.000000) (0.000000 0.000000 50.393906)))
(0.004004 ((-0.008676 0.033754 0.000000) (0.000000 0.000000 56.388624)))
(0.005005 ((-0.013395 0.041181 0.000000) (0.000000 0.000000 62.047759)))
(0.006006 ((-0.019008 0.047957 0.000000) (0.000000 0.000000 67.379863)))
(0.007007 ((-0.025428 0.053975 0.000000) (0.000000 0.000000 72.393427)))
(0.008008 ((-0.032552 0.059141 0.000000) (0.000000 0.000000 77.097134)))
(0.009009 ((-0.040267 0.063372 0.000000) (0.000000 0.000000 81.500538)))
(0.010010 ((-0.048453 0.066601 0.000000) (0.000000 0.000000 85.615208)))
(0.011011 ((-0.056978 0.068778 0.000000) (0.000000 0.000000 89.456383)))
(0.012012 ((-0.065710 0.069868 0.000000) (0.000000 0.000000 93.045186)))
(0.013013 ((-0.074510 0.069855 0.000000) (0.000000 0.000000 96.411417)))
(0.014014 ((-0.083238 0.068737 0.000000) (0.000000 0.000000 99.596854)))
(0.015015 ((-0.091757 0.066533 0.000000) (0.000000 0.000000 102.658838)))
(0.016016 ((-0.099932 0.063278 0.000000) (0.000000 0.000000 105.673652)))
(0.017017 ((-0.107634 0.059023 0.000000) (0.000000 0.000000 108.738783)))
(0.018018 ((-0.114742 0.053835 0.000000) (0.000000 0.000000 111.972726)))
(0.019019 ((-0.121142 0.047796 0.000000) (0.000000 0.000000 115.510671)))
(0.020020 ((-0.126735 0.041002 0.000000) (0.000000 0.000000 119.494739)))
(0.021021 ((-0.131430 0.033561 0.000000) (0.000000 0.000000 124.058846)))
(0.022022 ((-0.135155 0.025589 0.000000) (0.000000 0.000000 129.310861)))
(0.023023 ((-0.137851 0.017212 0.000000) (0.000000 0.000000 135.317231)))
(0.024024 ((-0.139474 0.008564 0.000000) (0.000000 0.000000 142.095533)))
(0.025025 ((-0.140000 -0.000220 0.000000) (0.000000 0.000000 149.617383)))
(0.026026 ((-0.139419 -0.009000 0.000000) (0.000000 0.000000 157.819560)))
(0.027027 ((-0.137741 -0.017638 0.000000) (0.000000 0.000000 166.618357)))
(0.028028 ((-0.134993 -0.025998 0.000000) (0.000000 0.000000 175.922511)))
(0.029029 ((-0.131218 -0.033946 0.000000) (0.000000 0.000000 185.642341)))
(0.030030 ((-0.126476 -0.041358 0.000000) (0.000000 0.000000 195.694864)))
(0.031031 ((-0.120841 -0.048117 0.000000) (0.000000 0.000000 206.005829)))
(0.032032 ((-0.114402 -0.054115 0.000000) (0.000000 0.000000 216.509798)))
(0.033033 ((-0.107262 -0.059258 0.000000) (0.000000 0.000000 227.149225)))
(0.034034 ((-0.099533 -0.063465 0.000000) (0.000000 0.000000 237.873119)))
(0.035035 ((-0.091338 -0.066669 0.000000) (0.000000 0.000000 248.635652)))
(0.036036 ((-0.082805 -0.068819 0.000000) (0.000000 0.000000 259.394877)))
(0.037037 ((-0.074070 -0.069882 0.000000) (0.000000 0.000000 270.111653)))
(0.038038 ((-0.065271 -0.069840 0.000000) (0.000000 0.000000 280.748792)))
(0.039039 ((-0.056546 -0.068695 0.000000) (0.000000 0.000000 291.270456)))
(0.040040 ((-0.048034 -0.066464 0.000000) (0.000000 0.000000 301.641820)))
(0.041041 ((-0.039869 -0.063183 0.000000) (0.000000 0.000000 311.828996)))
(0.042042 ((-0.032180 -0.058904 0.000000) (0.000000 0.000000 321.799233)))
(0.043043 ((-0.025089 -0.053694 0.000000) (0.000000 0.000000 331.521369)))
(0.044044 ((-0.018708 -0.047635 0.000000) (0.000000 0.000000 340.966507)))
(0.045045 ((-0.013137 -0.040824 0.000000) (0.000000 0.000000 350.108811)))
(0.046046 ((-0.008464 -0.033367 0.000000) (0.000000 0.000000 358.926329)))
(0.047047 ((-0.004764 -0.025384 0.000000) (0.000000 0.000000 367.401681)))
(0.048048 ((-0.002095 -0.016999 0.000000) (0.000000 0.000000 375.522483)))
(0.049049 ((-0.000499 -0.008345 0.000000) (0.000000 0.000000 383.281412)))
(0.050050 ((-0.000001 0.000440 0.000000) (0.000000 0.000000 390.675871)))
(0.051051 ((-0.000610 0.009219 0.000000) (0.000000 0.000000 397.707318)))
(0.052052 ((-0.002314 0.017851 0.000000) (0.000000 0.000000 404.380356)))
(0.053053 ((-0.005089 0.026202 0.000000) (0.000000 0.000000 410.701744)))
(0.054054 ((-0.008889 0.034139 0.000000) (0.000000 0.000000 416.679480)))
(0.055055 ((-0.013655 0.041536 0.000000) (0.000000 0.000000 422.322061)))
(0.056056 ((-0.019311 0.048277 0.000000) (0.000000 0.000000 427.638036)))
(0.057057 ((-0.025768 0.054254 0.000000) (0.000000 0.000000 432.635897)))
(0.058058 ((-0.032924 0.059375 0.000000) (0.000000 0.000000 437.324351)))
(0.059059 ((-0.040666 0.063557 0.000000) (0.000000 0.000000 441.713021)))
(0.060060 ((-0.048872 0.066735 0.000000) (0.000000 0.000000 445.813615)))
(0.061061 ((-0.057411 0.068859 0.000000) (0.000000 0.000000 449.641610)))
(0.062062 ((-0.066150 0.069894 0.000000) (0.000000 0.000000 453.218491)))
(0.063063 ((-0.074949 0.069825 0.000000) (0.000000 0.000000 456.574575)))
(0.064064 ((-0.083670 0.068652 0.000000) (0.000000 0.000000 459.752333)))
(0.065065 ((-0.092175 0.066395 0.000000) (0.000000 0.000000 462.809977)))
(0.066066 ((-0.100329 0.063088 0.000000) (0.000000 0.000000 465.824811)))
(0.067067 ((-0.108005 0.058785 0.000000) (0.000000 0.000000 468.895403)))
(0.068068 ((-0.115079 0.053552 0.000000) (0.000000 0.000000 472.141228)))
(0.069069 ((-0.121442 0.047474 0.000000) (0.000000 0.000000 475.698104)))
(0.070070 ((-0.126991 0.040645 0.000000) (0.000000 0.000000 479.708137)))
(0.071071 ((-0.131640 0.033174 0.000000) (0.000000 0.000000 484.304368)))
(0.072072 ((-0.135315 0.025178 0.000000) (0.000000 0.000000 489.592916)))
(0.073073 ((-0.137958 0.016785 0.000000) (0.000000 0.000000 495.637876)))
(0.074074 ((-0.139527 0.008127 0.000000) (0.000000 0.000000 502.454374)))
(0.075075 ((-0.139997 -0.000660 0.000000) (0.000000 0.000000 510.011970)))
(0.076076 ((-0.139361 -0.009437 0.000000) (0.000000 0.000000 518.246077)))
(0.077077 ((-0.137629 -0.018064 0.000000) (0.000000 0.000000 527.072326)))
(0.078078 ((-0.134828 -0.026406 0.000000) (0.000000 0.000000 536.399353)))
(0.079079 ((-0.131003 -0.034331 0.000000) (0.000000 0.000000 546.137719)))
(0.080080 ((-0.126214 -0.041713 0.000000) (0.000000 0.000000 556.204853)))
(0.081081 ((-0.120537 -0.048436 0.000000) (0.000000 0.000000 566.526952)))
(0.082082 ((-0.114061 -0.054393 0.000000) (0.000000 0.000000 577.039000)))
(0.083083 ((-0.106889 -0.059491 0.000000) (0.000000 0.000000 587.683813)))
(0.084084 ((-0.099134 -0.063649 0.000000) (0.000000 0.000000 598.410691)))
(0.085085 ((-0.090918 -0.066801 0.000000) (0.000000 0.000000 609.174027)))
(0.086086 ((-0.082372 -0.068898 0.000000) (0.000000 0.000000 619.932040)))
(0.087087 ((-0.073631 -0.069906 0.000000) (0.000000 0.000000 630.645704)))
(0.088088 ((-0.064832 -0.069809 0.000000) (0.000000 0.000000 641.277911)))
(0.089089 ((-0.056114 -0.068609 0.000000) (0.000000 0.000000 651.792879)))
(0.090090 ((-0.047617 -0.066325 0.000000) (0.000000 0.000000 662.155830)))
(0.091091 ((-0.039472 -0.062993 0.000000) (0.000000 0.000000 672.332927)))
(0.092092 ((-0.031811 -0.058665 0.000000) (0.000000 0.000000 682.291482)))
(0.093093 ((-0.024752 -0.053410 0.000000) (0.000000 0.000000 692.000433)))
(0.094094 ((-0.018409 -0.047312 0.000000) (0.000000 0.000000 701.431014)))
(0.095095 ((-0.012881 -0.040465 0.000000) (0.000000 0.000000 710.557565)))
(0.096096 ((-0.008256 -0.032980 0.000000) (0.000000 0.000000 719.358347)))
(0.097097 ((-0.004606 -0.024973 0.000000) (0.000000 0.000000 727.816222)))
(0.098098 ((-0.001990 -0.016571 0.000000) (0.000000 0.000000 735.919063)))
(0.099099 ((-0.000448 -0.007908 0.000000) (0.000000 0.000000 743.659794)))
(0.100100 ((-0.000006 0.000880 0.000000) (0.000000 0.000000 751.036038)))
(0.101101 ((-0.000669 0.009655 0.000000) (0.000000 0.000000 758.049433)))
(0.102102 ((-0.002428 0.018277 0.000000) (0.000000 0.000000 764.704714)))
(0.103103 ((-0.005255 0.026610 0.000000) (0.000000 0.000000 771.008723)))
(0.104104 ((-0.009105 0.034522 0.000000) (0.000000 0.000000 776.969497)))
(0.105105 ((-0.013917 0.041889 0.000000) (0.000000 0.000000 782.595546)))
(0.106106 ((-0.019616 0.048594 0.000000) (0.000000 0.000000 787.895414)))
(0.107107 ((-0.026110 0.054532 0.000000) (0.000000 0.000000 792.877594)))
(0.108108 ((-0.033298 0.059607 0.000000) (0.000000 0.000000 797.550817)))
(0.109109 ((-0.041067 0.063741 0.000000) (0.000000 0.000000 801.924782)))
(0.110110 ((-0.049292 0.066867 0.000000) (0.000000 0.000000 806.011339)))
(0.111111 ((-0.057845 0.068937 0.000000) (0.000000 0.000000 809.826206)))
(0.112112 ((-0.066589 0.069917 0.000000) (0.000000 0.000000 813.391241)))
(0.113113 ((-0.075388 0.069792 0.000000) (0.000000 0.000000 816.737284)))
(0.114114 ((-0.084101 0.068565 0.000000) (0.000000 0.000000 819.907508)))
(0.115115 ((-0.092592 0.066254 0.000000) (0.000000 0.000000 822.961004)))
(0.116116 ((-0.100725 0.062896 0.000000) (0.000000 0.000000 825.976104)))
(0.117117 ((-0.108374 0.058545 0.000000) (0.000000 0.000000 829.052458)))
(0.118118 ((-0.115415 0.053268 0.000000) (0.000000 0.000000 832.310507)))
(0.119119 ((-0.121739 0.047149 0.000000) (0.000000 0.000000 835.886671)))
(0.120120 ((-0.127246 0.040286 0.000000) (0.000000 0.000000 839.923006)))
(0.121121 ((-0.131848 0.032785 0.000000) (0.000000 0.000000 844.551630)))
(0.122122 ((-0.135472 0.024767 0.000000) (0.000000 0.000000 849.876872)))
(0.123123 ((-0.138062 0.016357 0.000000) (0.000000 0.000000 855.960459)))
(0.124124 ((-0.139576 0.007689 0.000000) (0.000000 0.000000 862.815074)))
(0.125125 ((-0.139991 -0.001101 0.000000) (0.000000 0.000000 870.408254)))
(0.126126 ((-0.139300 -0.009873 0.000000) (0.000000 0.000000 878.674075)))
(0.127127 ((-0.137514 -0.018489 0.000000) (0.000000 0.000000 887.527546)))
(0.128128 ((-0.134661 -0.026813 0.000000) (0.000000 0.000000 896.877221)))
(0.129129 ((-0.130786 -0.034714 0.000000) (0.000000 0.000000 906.633918)))
(0.130130 ((-0.125951 -0.042065 0.000000) (0.000000 0.000000 916.715478)))
(0.131131 ((-0.120231 -0.048753 0.000000) (0.000000 0.000000 927.048548)))
(0.132132 ((-0.113718 -0.054669 0.000000) (0.000000 0.000000 937.568533)))
(0.133133 ((-0.106514 -0.059722 0.000000) (0.000000 0.000000 948.218606)))
(0.134134 ((-0.098733 -0.063831 0.000000) (0.000000 0.000000 958.948352)))
(0.135135 ((-0.090498 -0.066932 0.000000) (0.000000 0.000000 969.712388)))
(0.136136 ((-0.081939 -0.068974 0.000000) (0.000000 0.000000 980.469091)))
(0.137137 ((-0.073191 -0.069927 0.000000) (0.000000 0.000000 991.179551)))
(0.138138 ((-0.064393 -0.069775 0.000000) (0.000000 0.000000 1001.806736)))
(0.139139 ((-0.055683 -0.068520 0.000000) (0.000000 0.000000 1012.314922)))
(0.140140 ((-0.047200 -0.066183 0.000000) (0.000000 0.000000 1022.669376)))
(0.141141 ((-0.039077 -0.062799 0.000000) (0.000000 0.000000 1032.836310)))
(0.142142 ((-0.031443 -0.058424 0.000000) (0.000000 0.000000 1042.783108)))
(0.143143 ((-0.024417 -0.053125 0.000000) (0.000000 0.000000 1052.478801)))
(0.144144 ((-0.018113 -0.046986 0.000000) (0.000000 0.000000 1061.894760)))
(0.145145 ((-0.012628 -0.040105 0.000000) (0.000000 0.000000 1071.005503)))
(0.146146 ((-0.008050 -0.032591 0.000000) (0.000000 0.000000 1079.789506)))
(0.147147 ((-0.004450 -0.024561 0.000000) (0.000000 0.000000 1088.229876)))
(0.148148 ((-0.001887 -0.016143 0.000000) (0.000000 0.000000 1096.314738)))
(0.149149 ((-0.000400 -0.007470 0.000000) (0.000000 0.000000 1104.037264)))
(0.150150 ((-0.000012 0.001321 0.000000) (0.000000 0.000000 1111.395297)))
(0.151151 ((-0.000731 0.010091 0.000000) (0.000000 0.000000 1118.390653)))
(0.152152 ((-0.002544 0.018701 0.000000) (0.000000 0.000000 1125.028194)))
(0.153153 ((-0.005424 0.027016 0.000000) (0.000000 0.000000 1131.314844)))
(0.154154 ((-0.009323 0.034905 0.000000) (0.000000 0.000000 1137.258678)))
(0.155155 ((-0.014182 0.042241 0.000000) (0.000000 0.000000 1142.868215)))
(0.156156 ((-0.019922 0.048910 0.000000) (0.000000 0.000000 1148.151997)))
(0.157157 ((-0.026454 0.054807 0.000000) (0.000000 0.000000 1153.118517)))
(0.158158 ((-0.033674 0.059837 0.000000) (0.000000 0.000000 1157.776536)))
(0.159159 ((-0.041468 0.063921 0.000000) (0.000000 0.000000 1162.135824)))
(0.160160 ((-0.049713 0.066996 0.000000) (0.000000 0.000000 1166.208382)))
(0.161161 ((-0.058278 0.069012 0.000000) (0.000000 0.000000 1170.010177)))
(0.162162 ((-0.067029 0.069937 0.000000) (0.000000 0.000000 1173.563441)))
(0.163163 ((-0.075827 0.069757 0.000000) (0.000000 0.000000 1176.899551)))
(0.164164 ((-0.084532 0.068475 0.000000) (0.000000 0.000000 1180.062386)))
(0.165165 ((-0.093008 0.066111 0.000000) (0.000000 0.000000 1183.111931)))
(0.166166 ((-0.101120 0.062702 0.000000) (0.000000 0.000000 1186.127546)))
(0.167167 ((-0.108741 0.058302 0.000000) (0.000000 0.000000 1189.209964)))
(0.168168 ((-0.115749 0.052981 0.000000) (0.000000 0.000000 1192.480580)))
(0.169169 ((-0.122035 0.046823 0.000000) (0.000000 0.000000 1196.076391)))
(0.170170 ((-0.127498 0.039925 0.000000) (0.000000 0.000000 1200.139361)))
(0.171171 ((-0.132053 0.032396 0.000000) (0.000000 0.000000 1204.800643)))
(0.172172 ((-0.135627 0.024355 0.000000) (0.000000 0.000000 1210.162735)))
(0.173173 ((-0.138164 0.015929 0.000000) (0.000000 0.000000 1216.284980)))
(0.174174 ((-0.139623 0.007251 0.000000) (0.000000 0.000000 1223.177628)))
(0.175175 ((-0.139983 -0.001541 0.000000) (0.000000 0.000000 1230.806222)))
(0.176176 ((-0.139237 -0.010308 0.000000) (0.000000 0.000000 1239.103544)))
(0.177177 ((-0.137396 -0.018913 0.000000) (0.000000 0.000000 1247.984006)))
(0.178178 ((-0.134491 -0.027219 0.000000) (0.000000 0.000000 1257.356105)))
(0.179179 ((-0.130567 -0.035095 0.000000) (0.000000 0.000000 1267.130927)))
(0.180180 ((-0.125685 -0.042416 0.000000) (0.000000 0.000000 1277.226729)))
(0.181181 ((-0.119924 -0.049068 0.000000) (0.000000 0.000000 1287.570610)))
(0.182182 ((-0.113373 -0.054943 0.000000) (0.000000 0.000000 1298.098390)))
(0.183183 ((-0.106138 -0.059951 0.000000) (0.000000 0.000000 1308.753596)))
(0.184184 ((-0.098331 -0.064011 0.000000) (0.000000 0.000000 1319.486099)))
(0.185185 ((-0.090076 -0.067059 0.000000) (0.000000 0.000000 1330.250730)))
(0.186186 ((-0.081505 -0.069048 0.000000) (0.000000 0.000000 1341.006027)))
(0.187187 ((-0.072751 -0.069946 0.000000) (0.000000 0.000000 1351.713190)))
(0.188188 ((-0.063954 -0.069738 0.000000) (0.000000 0.000000 1362.335264)))
(0.189189 ((-0.055253 -0.068429 0.000000) (0.000000 0.000000 1372.836581)))
(0.190190 ((-0.046784 -0.066038 0.000000) (0.000000 0.000000 1383.182453)))
(0.191191 ((-0.038683 -0.062604 0.000000) (0.000000 0.000000 1393.339144)))
(0.192192 ((-0.031076 -0.058180 0.000000) (0.000000 0.000000 1403.274105)))
(0.193193 ((-0.024084 -0.052837 0.000000) (0.000000 0.000000 1412.956469)))
(0.194194 ((-0.017818 -0.046659 0.000000) (0.000000 0.000000 1422.357742)))
(0.195195 ((-0.012377 -0.039744 0.000000) (0.000000 0.000000 1431.452623)))
(0.196196 ((-0.007846 -0.032200 0.000000) (0.000000 0.000000 1440.219805)))
(0.197197 ((-0.004297 -0.024148 0.000000) (0.000000 0.000000 1448.642639)))
(0.198198 ((-0.001787 -0.015714 0.000000) (0.000000 0.000000 1456.709506)))
(0.199199 ((-0.000354 -0.007032 0.000000) (0.000000 0.000000 1464.413822)))
(0.200200 ((-0.000022 0.001761 0.000000) (0.000000 0.000000 1471.753649)))
(0.201201 ((-0.000796 0.010526 0.000000) (0.000000 0.000000 1478.730977)))
(0.202202 ((-0.002663 0.019125 0.000000) (0.000000 0.000000 1485.350796)))
(0.203203 ((-0.005595 0.027422 0.000000) (0.000000 0.000000 1491.620107)))
(0.204204 ((-0.009544 0.035285 0.000000) (0.000000 0.000000 1497.547023)))
(0.205205 ((-0.014448 0.042591 0.000000) (0.000000 0.000000 1503.140070)))
(0.206206 ((-0.020231 0.049224 0.000000) (0.000000 0.000000 1508.407787)))
(0.207207 ((-0.026800 0.055079 0.000000) (0.000000 0.000000 1513.358670)))
(0.208208 ((-0.034051 0.060064 0.000000) (0.000000 0.000000 1518.001507)))
(0.209209 ((-0.041871 0.064099 0.000000) (0.000000 0.000000 1522.346148)))
(0.210210 ((-0.050135 0.067122 0.000000) (0.000000 0.000000 1526.404748)))
(0.211211 ((-0.058713 0.069084 0.000000) (0.000000 0.000000 1530.193524)))
(0.212212 ((-0.067469 0.069954 0.000000) (0.000000 0.000000 1533.735096)))
(0.213213 ((-0.076265 0.069719 0.000000) (0.000000 0.000000 1537.061380)))
(0.214214 ((-0.084963 0.068382 0.000000) (0.000000 0.000000 1540.216978)))
(0.215215 ((-0.093423 0.065965 0.000000) (0.000000 0.000000 1543.262769)))
(0.216216 ((-0.101514 0.062505 0.000000) (0.000000 0.000000 1546.279151)))
(0.217217 ((-0.109107 0.058057 0.000000) (0.000000 0.000000 1549.367936)))
(0.218218 ((-0.116082 0.052692 0.000000) (0.000000 0.000000 1552.651465)))
(0.219219 ((-0.122328 0.046495 0.000000) (0.000000 0.000000 1556.267281)))
(0.220220 ((-0.127748 0.039562 0.000000) (0.000000 0.000000 1560.357218)))
(0.221221 ((-0.132255 0.032005 0.000000) (0.000000 0.000000 1565.051417)))
(0.222222 ((-0.135778 0.023941 0.000000) (0.000000 0.000000 1570.450508)))
(0.223223 ((-0.138262 0.015500 0.000000) (0.000000 0.000000 1576.611436)))
(0.224224 ((-0.139668 0.006813 0.000000) (0.000000 0.000000 1583.542029)))
(0.225225 ((-0.139972 -0.001981 0.000000) (0.000000 0.000000 1591.205867)))
(0.226226 ((-0.139171 -0.010744 0.000000) (0.000000 0.000000 1599.534472)))
(0.227227 ((-0.137276 -0.019337 0.000000) (0.000000 0.000000 1608.441695)))
(0.228228 ((-0.134319 -0.027624 0.000000) (0.000000 0.000000 1617.835995)))
(0.229229 ((-0.130345 -0.035475 0.000000) (0.000000 0.000000 1627.628737)))
(0.230230 ((-0.125417 -0.042766 0.000000) (0.000000 0.000000 1637.738599)))
(0.231231 ((-0.119614 -0.049381 0.000000) (0.000000 0.000000 1648.093130)))
(0.232232 ((-0.113027 -0.055215 0.000000) (0.000000 0.000000 1658.628564)))
(0.233233 ((-0.105760 -0.060177 0.000000) (0.000000 0.000000 1669.288779)))
(0.234234 ((-0.097928 -0.064188 0.000000) (0.000000 0.000000 1680.023925)))
(0.235235 ((-0.089654 -0.067184 0.000000) (0.000000 0.000000 1690.789048)))
(0.236236 ((-0.081070 -0.069119 0.000000) (0.000000 0.000000 1701.542842)))
(0.237237 ((-0.072311 -0.069962 0.000000) (0.000000 0.000000 1712.246615)))
(0.238238 ((-0.063516 -0.069699 0.000000) (0.000000 0.000000 1722.863490)))
(0.239239 ((-0.054822 -0.068335 0.000000) (0.000000 0.000000 1733.357851)))
(0.240240 ((-0.046369 -0.065891 0.000000) (0.000000 0.000000 1743.695057)))
(0.241241 ((-0.038289 -0.062405 0.000000) (0.000000 0.000000 1753.841422)))
(0.242242 ((-0.030711 -0.057934 0.000000) (0.000000 0.000000 1763.764470)))
(0.243243 ((-0.023753 -0.052547 0.000000) (0.000000 0.000000 1773.433433)))
(0.244244 ((-0.017526 -0.046330 0.000000) (0.000000 0.000000 1782.819958)))
(0.245245 ((-0.012128 -0.039381 0.000000) (0.000000 0.000000 1791.898923)))
(0.246246 ((-0.007645 -0.031809 0.000000) (0.000000 0.000000 1800.649243)))
(0.247247 ((-0.004147 -0.023735 0.000000) (0.000000 0.000000 1809.054511)))
(0.248248 ((-0.001689 -0.015285 0.000000) (0.000000 0.000000 1817.103366)))
(0.249249 ((-0.000311 -0.006594 0.000000) (0.000000 0.000000 1824.789468)))
(0.250250 ((-0.000035 0.002201 0.000000) (0.000000 0.000000 1832.111094)))
(0.251251 ((-0.000864 0.010961 0.000000) (0.000000 0.000000 1839.070407)))
(0.252252 ((-0.002785 0.019548 0.000000) (0.000000 0.000000 1845.672522)))
(0.253253 ((-0.005769 0.027827 0.000000) (0.000000 0.000000 1851.924515)))
(0.254254 ((-0.009767 0.035665 0.000000) (0.000000 0.000000 1857.834533)))
(0.255255 ((-0.014717 0.042940 0.000000) (0.000000 0.000000 1863.411112)))
(0.256256 ((-0.020541 0.049536 0.000000) (0.000000 0.000000 1868.662785)))
(0.257257 ((-0.027147 0.055350 0.000000) (0.000000 0.000000 1873.598052)))
(0.258258 ((-0.034430 0.060289 0.000000) (0.000000 0.000000 1878.225732)))
(0.259259 ((-0.042274 0.064275 0.000000) (0.000000 0.000000 1882.555757)))
(0.260260 ((-0.050557 0.067246 0.000000) (0.000000 0.000000 1886.600437)))
(0.261261 ((-0.059147 0.069154 0.000000) (0.000000 0.000000 1890.376252)))
(0.262262 ((-0.067909 0.069969 0.000000) (0.000000 0.000000 1893.906210)))
(0.263263 ((-0.076704 0.069678 0.000000) (0.000000 0.000000 1897.222780)))
(0.264264 ((-0.085392 0.068287 0.000000) (0.000000 0.000000 1900.371291)))
(0.265265 ((-0.093838 0.065816 0.000000) (0.000000 0.000000 1903.413528)))
(0.266266 ((-0.101907 0.062305 0.000000) (0.000000 0.000000 1906.430932)))
(0.267267 ((-0.109471 0.057810 0.000000) (0.000000 0.000000 1909.526392)))
(0.268268 ((-0.116412 0.052401 0.000000) (0.000000 0.000000 1912.823179)))
(0.269269 ((-0.122620 0.046165 0.000000) (0.000000 0.000000 1916.459358)))
(0.270270 ((-0.127996 0.039198 0.000000) (0.000000 0.000000 1920.576592)))
(0.271271 ((-0.132455 0.031613 0.000000) (0.000000 0.000000 1925.303962)))
(0.272272 ((-0.135928 0.023527 0.000000) (0.000000 0.000000 1930.740197)))
(0.273273 ((-0.138359 0.015070 0.000000) (0.000000 0.000000 1936.939825)))
(0.274274 ((-0.139709 0.006375 0.000000) (0.000000 0.000000 1943.908270)))
(0.275275 ((-0.139958 -0.002421 0.000000) (0.000000 0.000000 1951.607176)))
(0.276276 ((-0.139102 -0.011179 0.000000) (0.000000 0.000000 1959.966847)))
(0.277277 ((-0.137153 -0.019760 0.000000) (0.000000 0.000000 1968.900601)))
(0.278278 ((-0.134144 -0.028028 0.000000) (0.000000 0.000000 1978.316879)))
(0.279279 ((-0.130120 -0.035854 0.000000) (0.000000 0.000000 1988.127337)))
(0.280280 ((-0.125147 -0.043114 0.000000) (0.000000 0.000000 1998.251079)))
(0.281281 ((-0.119303 -0.049692 0.000000) (0.000000 0.000000 2008.616100)))
(0.282282 ((-0.112679 -0.055484 0.000000) (0.000000 0.000000 2019.159049)))
(0.283283 ((-0.105381 -0.060400 0.000000) (0.000000 0.000000 2029.824148)))
(0.284284 ((-0.097523 -0.064362 0.000000) (0.000000 0.000000 2040.561826)))
(0.285285 ((-0.089231 -0.067306 0.000000) (0.000000 0.000000 2051.327338)))
(0.286286 ((-0.080635 -0.069187 0.000000) (0.000000 0.000000 2062.079531)))
(0.287287 ((-0.071871 -0.069975 0.000000) (0.000000 0.000000 2072.779823)))
(0.288288 ((-0.063077 -0.069657 0.000000) (0.000000 0.000000 2083.391409)))
(0.289289 ((-0.054393 -0.068238 0.000000) (0.000000 0.000000 2093.878728)))
(0.290290 ((-0.045955 -0.065741 0.000000) (0.000000 0.000000 2104.207183)))
(0.291291 ((-0.037898 -0.062205 0.000000) (0.000000 0.000000 2114.343142)))
(0.292292 ((-0.030347 -0.057686 0.000000) (0.000000 0.000000 2124.254199)))
(0.293293 ((-0.023423 -0.052255 0.000000) (0.000000 0.000000 2133.909690)))
(0.294294 ((-0.017235 -0.045999 0.000000) (0.000000 0.000000 2143.281404)))
(0.295295 ((-0.011881 -0.039016 0.000000) (0.000000 0.000000 2152.344401)))
(0.296296 ((-0.007446 -0.031416 0.000000) (0.000000 0.000000 2161.077816)))
(0.297297 ((-0.003999 -0.023320 0.000000) (0.000000 0.000000 2169.465492)))
(0.298298 ((-0.001594 -0.014855 0.000000) (0.000000 0.000000 2177.496319)))
(0.299299 ((-0.000271 -0.006156 0.000000) (0.000000 0.000000 2185.164201)))
(0.300300 ((-0.000050 0.002641 0.000000) (0.000000 0.000000 2192.467632)))
(0.301301 ((-0.000934 0.011396 0.000000) (0.000000 0.000000 2199.408944)))
(0.302302 ((-0.002909 0.019971 0.000000) (0.000000 0.000000 2205.993372)))
(0.303303 ((-0.005945 0.028230 0.000000) (0.000000 0.000000 2212.228067)))
(0.304304 ((-0.009993 0.036043 0.000000) (0.000000 0.000000 2218.121210)))
(0.305305 ((-0.014989 0.043287 0.000000) (0.000000 0.000000 2223.681342)))
(0.306306 ((-0.020854 0.049846 0.000000) (0.000000 0.000000 2228.916992)))
(0.307307 ((-0.027496 0.055618 0.000000) (0.000000 0.000000 2233.836665)))
(0.308308 ((-0.034809 0.060511 0.000000) (0.000000 0.000000 2238.449212)))
(0.309309 ((-0.042679 0.064448 0.000000) (0.000000 0.000000 2242.764651)))
(0.310310 ((-0.050981 0.067367 0.000000) (0.000000 0.000000 2246.795453)))
(0.311311 ((-0.059582 0.069220 0.000000) (0.000000 0.000000 2250.558362)))
(0.312312 ((-0.068349 0.069981 0.000000) (0.000000 0.000000 2254.076788)))
(0.313313 ((-0.077142 0.069635 0.000000) (0.000000 0.000000 2257.383756)))
(0.314314 ((-0.085822 0.068189 0.000000) (0.000000 0.000000 2260.525334)))
(0.315315 ((-0.094251 0.065665 0.000000) (0.000000 0.000000 2263.564221)))
(0.316316 ((-0.102298 0.062104 0.000000) (0.000000 0.000000 2266.582904)))
(0.317317 ((-0.109834 0.057561 0.000000) (0.000000 0.000000 2269.685349)))
(0.318318 ((-0.116741 0.052109 0.000000) (0.000000 0.000000 2272.995741)))
(0.319319 ((-0.122909 0.045833 0.000000) (0.000000 0.000000 2276.652641)))
(0.320320 ((-0.128241 0.038833 0.000000) (0.000000 0.000000 2280.797498)))
(0.321321 ((-0.132653 0.031219 0.000000) (0.000000 0.000000 2285.558290)))
(0.322322 ((-0.136074 0.023112 0.000000) (0.000000 0.000000 2291.031805)))
(0.323323 ((-0.138452 0.014640 0.000000) (0.000000 0.000000 2297.270146)))
(0.324324 ((-0.139748 0.005937 0.000000) (0.000000 0.000000 2304.276343)))
(0.325325 ((-0.139942 -0.002861 0.000000) (0.000000 0.000000 2312.010141)))
(0.326326 ((-0.139030 -0.011613 0.000000) (0.000000 0.000000 2320.400659)))
(0.327327 ((-0.137028 -0.020182 0.000000) (0.000000 0.000000 2329.360712)))
(0.328328 ((-0.133966 -0.028431 0.000000) (0.000000 0.000000 2338.798747)))
(0.329329 ((-0.129894 -0.036232 0.000000) (0.000000 0.000000 2348.626719)))
(0.330330 ((-0.124875 -0.043460 0.000000) (0.000000 0.000000 2358.764160)))
(0.331331 ((-0.118989 -0.050001 0.000000) (0.000000 0.000000 2369.139514)))
(0.332332 ((-0.112329 -0.055752 0.000000) (0.000000 0.000000 2379.689837)))
(0.333333 ((-0.105000 -0.060622 0.000000) (0.000000 0.000000 2390.359697)))
(0.334334 ((-0.097118 -0.064534 0.000000) (0.000000 0.000000 2401.099795)))
(0.335335 ((-0.088808 -0.067426 0.000000) (0.000000 0.000000 2411.865593)))
(0.336336 ((-0.080200 -0.069253 0.000000) (0.000000 0.000000 2422.616091)))
(0.337337 ((-0.071431 -0.069985 0.000000) (0.000000 0.000000 2433.312809)))
(0.338338 ((-0.062639 -0.069612 0.000000) (0.000000 0.000000 2443.919018)))
(0.339339 ((-0.053964 -0.068138 0.000000) (0.000000 0.000000 2454.399207)))
(0.340340 ((-0.045542 -0.065588 0.000000) (0.000000 0.000000 2464.718828)))
(0.341341 ((-0.037507 -0.062002 0.000000) (0.000000 0.000000 2474.844299)))
(0.342342 ((-0.029985 -0.057435 0.000000) (0.000000 0.000000 2484.743289)))
(0.343343 ((-0.023096 -0.051961 0.000000) (0.000000 0.000000 2494.385238)))
(0.344344 ((-0.016947 -0.045666 0.000000) (0.000000 0.000000 2503.742077)))
(0.345345 ((-0.011637 -0.038649 0.000000) (0.000000 0.000000 2512.789053)))
(0.346346 ((-0.007249 -0.031022 0.000000) (0.000000 0.000000 2521.505524)))
(0.347347 ((-0.003853 -0.022904 0.000000) (0.000000 0.000000 2529.875579)))
(0.348348 ((-0.001502 -0.014425 0.000000) (0.000000 0.000000 2537.888363)))
(0.349349 ((-0.000234 -0.005717 0.000000) (0.000000 0.000000 2545.538023)))
(0.350350 ((-0.000068 0.003081 0.000000) (0.000000 0.000000 2552.823264)))
(0.351351 ((-0.001007 0.011830 0.000000) (0.000000 0.000000 2559.746588)))
(0.352352 ((-0.003036 0.020392 0.000000) (0.000000 0.000000 2566.313348)))
(0.353353 ((-0.006124 0.028632 0.000000) (0.000000 0.000000 2572.530766)))
(0.354354 ((-0.010220 0.036420 0.000000) (0.000000 0.000000 2578.407055)))
(0.355355 ((-0.015262 0.043632 0.000000) (0.000000 0.000000 2583.950760)))
(0.356356 ((-0.021168 0.050154 0.000000) (0.000000 0.000000 2589.170409)))
(0.357357 ((-0.027846 0.055885 0.000000) (0.000000 0.000000 2594.074509)))
(0.358358 ((-0.035191 0.060731 0.000000) (0.000000 0.000000 2598.671949)))
(0.359359 ((-0.043085 0.064619 0.000000) (0.000000 0.000000 2602.972833)))
(0.360360 ((-0.051405 0.067485 0.000000) (0.000000 0.000000 2606.989798)))
(0.361361 ((-0.060018 0.069285 0.000000) (0.000000 0.000000 2610.739860)))
(0.362362 ((-0.068789 0.069990 0.000000) (0.000000 0.000000 2614.246834)))
(0.363363 ((-0.077579 0.069588 0.000000) (0.000000 0.000000 2617.544315)))
(0.364364 ((-0.086250 0.068088 0.000000) (0.000000 0.000000 2620.679116)))
(0.365365 ((-0.094664 0.065511 0.000000) (0.000000 0.000000 2623.714859)))
(0.366366 ((-0.102688 0.061899 0.000000) (0.000000 0.000000 2626.735081)))
(0.367367 ((-0.110195 0.057309 0.000000) (0.000000 0.000000 2629.844822)))
(0.368368 ((-0.117068 0.051814 0.000000) (0.000000 0.000000 2633.169168)))
(0.369369 ((-0.123196 0.045499 0.000000) (0.000000 0.000000 2636.847146)))
(0.370370 ((-0.128484 0.038466 0.000000) (0.000000 0.000000 2641.019950)))
(0.371371 ((-0.132848 0.030825 0.000000) (0.000000 0.000000 2645.814408)))
(0.372372 ((-0.136218 0.022696 0.000000) (0.000000 0.000000 2651.325335)))
(0.373373 ((-0.138543 0.014209 0.000000) (0.000000 0.000000 2657.602396)))
(0.374374 ((-0.139784 0.005498 0.000000) (0.000000 0.000000 2664.646242)))
(0.375375 ((-0.139922 -0.003301 0.000000) (0.000000 0.000000 2672.414752)))
(0.376376 ((-0.138956 -0.012047 0.000000) (0.000000 0.000000 2680.835895)))
(0.377377 ((-0.136899 -0.020603 0.000000) (0.000000 0.000000 2689.822017)))
(0.378378 ((-0.133786 -0.028833 0.000000) (0.000000 0.000000 2699.281589)))
(0.379379 ((-0.129665 -0.036608 0.000000) (0.000000 0.000000 2709.126872)))
(0.380380 ((-0.124601 -0.043804 0.000000) (0.000000 0.000000 2719.277834)))
(0.381381 ((-0.118674 -0.050308 0.000000) (0.000000 0.000000 2729.663364)))
(0.382382 ((-0.111978 -0.056017 0.000000) (0.000000 0.000000 2740.220924)))
(0.383383 ((-0.104618 -0.060841 0.000000) (0.000000 0.000000 2750.895421)))
(0.384384 ((-0.096712 -0.064703 0.000000) (0.000000 0.000000 2761.637828)))
(0.385385 ((-0.088383 -0.067543 0.000000) (0.000000 0.000000 2772.403810)))
(0.386386 ((-0.079764 -0.069316 0.000000) (0.000000 0.000000 2783.152515)))
(0.387387 ((-0.070991 -0.069993 0.000000) (0.000000 0.000000 2793.845569)))
(0.388388 ((-0.062202 -0.069564 0.000000) (0.000000 0.000000 2804.446311)))
(0.389389 ((-0.053536 -0.068036 0.000000) (0.000000 0.000000 2814.919285)))
(0.390390 ((-0.045130 -0.065433 0.000000) (0.000000 0.000000 2825.229987)))
(0.391391 ((-0.037118 -0.061796 0.000000) (0.000000 0.000000 2835.344890)))
(0.392392 ((-0.029625 -0.057182 0.000000) (0.000000 0.000000 2845.231736)))
(0.393393 ((-0.022770 -0.051665 0.000000) (0.000000 0.000000 2854.860071)))
(0.394394 ((-0.016661 -0.045332 0.000000) (0.000000 0.000000 2864.201974)))
(0.395395 ((-0.011395 -0.038282 0.000000) (0.000000 0.000000 2873.232879)))
(0.396396 ((-0.007056 -0.030627 0.000000) (0.000000 0.000000 2881.932365)))
(0.397397 ((-0.003711 -0.022488 0.000000) (0.000000 0.000000 2890.284771)))
(0.398398 ((-0.001413 -0.013994 0.000000) (0.000000 0.000000 2898.279498)))
(0.399399 ((-0.000199 -0.005278 0.000000) (0.000000 0.000000 2905.910934)))
(0.400400 ((-0.000089 0.003520 0.000000) (0.000000 0.000000 2913.177992)))
(0.401401 ((-0.001083 0.012264 0.000000) (0.000000 0.000000 2920.083340)))
(0.402402 ((-0.003166 0.020813 0.000000) (0.000000 0.000000 2926.632450)))
(0.403403 ((-0.006305 0.029033 0.000000) (0.000000 0.000000 2932.832612)))
(0.404404 ((-0.010451 0.036795 0.000000) (0.000000 0.000000 2938.692067)))
(0.405405 ((-0.015537 0.043975 0.000000) (0.000000 0.000000 2944.219369)))
(0.406406 ((-0.021485 0.050461 0.000000) (0.000000 0.000000 2949.423037)))
(0.407407 ((-0.028199 0.056149 0.000000) (0.000000 0.000000 2954.311587)))
(0.408408 ((-0.035573 0.060949 0.000000) (0.000000 0.000000 2958.893945)))
(0.409409 ((-0.043492 0.064787 0.000000) (0.000000 0.000000 2963.180304)))
(0.410410 ((-0.051829 0.067600 0.000000) (0.000000 0.000000 2967.183474)))
(0.411411 ((-0.060454 0.069346 0.000000) (0.000000 0.000000 2970.920748)))
(0.412412 ((-0.069229 0.069996 0.000000) (0.000000 0.000000 2974.416354)))
(0.413413 ((-0.078017 0.069539 0.000000) (0.000000 0.000000 2977.704464)))
(0.414414 ((-0.086678 0.067984 0.000000) (0.000000 0.000000 2980.832647)))
(0.415415 ((-0.095075 0.065355 0.000000) (0.000000 0.000000 2983.865453)))
(0.416416 ((-0.103076 0.061692 0.000000) (0.000000 0.000000 2986.887478)))
(0.417417 ((-0.110555 0.057055 0.000000) (0.000000 0.000000 2990.004828)))
(0.418418 ((-0.117393 0.051516 0.000000) (0.000000 0.000000 2993.343479)))
(0.419419 ((-0.123481 0.045164 0.000000) (0.000000 0.000000 2997.042892)))
(0.420420 ((-0.128725 0.038097 0.000000) (0.000000 0.000000 3001.243963)))
(0.421421 ((-0.133040 0.030429 0.000000) (0.000000 0.000000 3006.072327)))
(0.422422 ((-0.136360 0.022279 0.000000) (0.000000 0.000000 3011.620791)))
(0.423423 ((-0.138631 0.013778 0.000000) (0.000000 0.000000 3017.936571)))
(0.424424 ((-0.139817 0.005059 0.000000) (0.000000 0.000000 3025.017959)))
(0.425425 ((-0.139900 -0.003740 0.000000) (0.000000 0.000000 3032.820997)))
(0.426426 ((-0.138878 -0.012480 0.000000) (0.000000 0.000000 3041.272544)))
(0.427427 ((-0.136769 -0.021023 0.000000) (0.000000 0.000000 3050.284505)))
(0.428428 ((-0.133603 -0.029234 0.000000) (0.000000 0.000000 3059.765392)))
(0.429429 ((-0.129433 -0.036982 0.000000) (0.000000 0.000000 3069.627788)))
(0.430430 ((-0.124324 -0.044146 0.000000) (0.000000 0.000000 3079.792092)))
(0.431431 ((-0.118356 -0.050613 0.000000) (0.000000 0.000000 3090.187642)))
(0.432432 ((-0.111624 -0.056280 0.000000) (0.000000 0.000000 3100.752301)))
(0.433433 ((-0.104235 -0.061057 0.000000) (0.000000 0.000000 3111.431314)))
(0.434434 ((-0.096304 -0.064870 0.000000) (0.000000 0.000000 3122.175919)))
(0.435435 ((-0.087958 -0.067657 0.000000) (0.000000 0.000000 3132.941983)))
(0.436436 ((-0.079328 -0.069376 0.000000) (0.000000 0.000000 3143.688800)))
(0.437437 ((-0.070551 -0.069998 0.000000) (0.000000 0.000000 3154.378097)))
(0.438438 ((-0.061764 -0.069514 0.000000) (0.000000 0.000000 3164.973285)))
(0.439439 ((-0.053108 -0.067931 0.000000) (0.000000 0.000000 3175.438957)))
(0.440440 ((-0.044719 -0.065275 0.000000) (0.000000 0.000000 3185.740656)))
(0.441441 ((-0.036730 -0.061588 0.000000) (0.000000 0.000000 3195.844910)))
(0.442442 ((-0.029266 -0.056927 0.000000) (0.000000 0.000000 3205.719536)))
(0.443443 ((-0.022446 -0.051367 0.000000) (0.000000 0.000000 3215.334189)))
(0.444444 ((-0.016377 -0.044995 0.000000) (0.000000 0.000000 3224.661093)))
(0.445445 ((-0.011156 -0.037912 0.000000) (0.000000 0.000000 3233.675875)))
(0.446446 ((-0.006864 -0.030230 0.000000) (0.000000 0.000000 3242.358338)))
(0.447447 ((-0.003570 -0.022071 0.000000) (0.000000 0.000000 3250.693069)))
(0.448448 ((-0.001326 -0.013562 0.000000) (0.000000 0.000000 3258.669724)))
(0.449449 ((-0.000167 -0.004839 0.000000) (0.000000 0.000000 3266.282932)))
(0.450450 ((-0.000112 0.003960 0.000000) (0.000000 0.000000 3273.531814)))
(0.451451 ((-0.001161 0.012697 0.000000) (0.000000 0.000000 3280.419202)))
(0.452452 ((-0.003298 0.021233 0.000000) (0.000000 0.000000 3286.950680)))
(0.453453 ((-0.006489 0.029433 0.000000) (0.000000 0.000000 3293.133606)))
(0.454454 ((-0.010683 0.037169 0.000000) (0.000000 0.000000 3298.976250)))
(0.455455 ((-0.015815 0.044317 0.000000) (0.000000 0.000000 3304.487168)))
(0.456456 ((-0.021803 0.050765 0.000000) (0.000000 0.000000 3309.674877)))
(0.457457 ((-0.028553 0.056410 0.000000) (0.000000 0.000000 3314.547899)))
(0.458458 ((-0.035957 0.061164 0.000000) (0.000000 0.000000 3319.115199)))
(0.459459 ((-0.043900 0.064952 0.000000) (0.000000 0.000000 3323.387067)))
(0.460460 ((-0.052255 0.067713 0.000000) (0.000000 0.000000 3327.376484)))
(0.461461 ((-0.060890 0.069405 0.000000) (0.000000 0.000000 3331.101029)))
(0.462462 ((-0.069670 0.069999 0.000000) (0.000000 0.000000 3334.585352)))
(0.463463 ((-0.078454 0.069488 0.000000) (0.000000 0.000000 3337.864209)))
(0.464464 ((-0.087105 0.067878 0.000000) (0.000000 0.000000 3340.985934)))
(0.465465 ((-0.095486 0.065196 0.000000) (0.000000 0.000000 3344.016016)))
(0.466466 ((-0.103464 0.061483 0.000000) (0.000000 0.000000 3347.040109)))
(0.467467 ((-0.110913 0.056799 0.000000) (0.000000 0.000000 3350.165385)))
(0.468468 ((-0.117716 0.051217 0.000000) (0.000000 0.000000 3353.518692)))
(0.469469 ((-0.123764 0.044826 0.000000) (0.000000 0.000000 3357.239894)))
(0.470470 ((-0.128963 0.037727 0.000000) (0.000000 0.000000 3361.469551)))
(0.471471 ((-0.133231 0.030032 0.000000) (0.000000 0.000000 3366.332056)))
(0.472472 ((-0.136499 0.021862 0.000000) (0.000000 0.000000 3371.918176)))
(0.473473 ((-0.138716 0.013346 0.000000) (0.000000 0.000000 3378.272670)))
(0.474474 ((-0.139847 0.004620 0.000000) (0.000000 0.000000 3385.391485)))
(0.475475 ((-0.139875 -0.004180 0.000000) (0.000000 0.000000 3393.228866)))
(0.476476 ((-0.138799 -0.012913 0.000000) (0.000000 0.000000 3401.710595)))
(0.477477 ((-0.136635 -0.021442 0.000000) (0.000000 0.000000 3410.748165)))
(0.478478 ((-0.133418 -0.029633 0.000000) (0.000000 0.000000 3420.250148)))
(0.479479 ((-0.129200 -0.037355 0.000000) (0.000000 0.000000 3430.129457)))
(0.480480 ((-0.124045 -0.044487 0.000000) (0.000000 0.000000 3440.306927)))
(0.481481 ((-0.118037 -0.050916 0.000000) (0.000000 0.000000 3450.712341)))
(0.482482 ((-0.111270 -0.056540 0.000000) (0.000000 0.000000 3461.283963)))
(0.483483 ((-0.103850 -0.061271 0.000000) (0.000000 0.000000 3471.967370)))
(0.484484 ((-0.095896 -0.065034 0.000000) (0.000000 0.000000 3482.714063)))
(0.485485 ((-0.087532 -0.067769 0.000000) (0.000000 0.000000 3493.480108)))
(0.486486 ((-0.078891 -0.069433 0.000000) (0.000000 0.000000 3504.224941)))
(0.487487 ((-0.070110 -0.070000 0.000000) (0.000000 0.000000 3514.910390)))
(0.488488 ((-0.061327 -0.069461 0.000000) (0.000000 0.000000 3525.499935)))
(0.489489 ((-0.052681 -0.067824 0.000000) (0.000000 0.000000 3535.958219)))
(0.490490 ((-0.044309 -0.065115 0.000000) (0.000000 0.000000 3546.250832)))
(0.491491 ((-0.036343 -0.061378 0.000000) (0.000000 0.000000 3556.344356)))
(0.492492 ((-0.028909 -0.056670 0.000000) (0.000000 0.000000 3566.206686)))
(0.493493 ((-0.022124 -0.051067 0.000000) (0.000000 0.000000 3575.807586)))
(0.494494 ((-0.016095 -0.044657 0.000000) (0.000000 0.000000 3585.119431)))
(0.495495 ((-0.010918 -0.037542 0.000000) (0.000000 0.000000 3594.118039)))
(0.496496 ((-0.006675 -0.029833 0.000000) (0.000000 0.000000 3602.783440)))
(0.497497 ((-0.003433 -0.021652 0.000000) (0.000000 0.000000 3611.100470)))
(0.498498 ((-0.001242 -0.013130 0.000000) (0.000000 0.000000 3619.059041)))
(0.499499 ((-0.000138 -0.004400 0.000000) (0.000000 0.000000 3626.654019)))
(0.500501 ((-0.000138 0.004400 0.000000) (0.000000 0.000000 3633.884732)))
(0.501502 ((-0.001242 0.013129 0.000000) (0.000000 0.000000 3640.754173)))
(0.502503 ((-0.003433 0.021652 0.000000) (0.000000 0.000000 3647.268038)))
(0.503504 ((-0.006675 0.029832 0.000000) (0.000000 0.000000 3653.433749)))
(0.504505 ((-0.010918 0.037541 0.000000) (0.000000 0.000000 3659.259603)))
(0.505506 ((-0.016095 0.044657 0.000000) (0.000000 0.000000 3664.754159)))
(0.506507 ((-0.022123 0.051067 0.000000) (0.000000 0.000000 3669.925931)))
(0.507508 ((-0.028908 0.056670 0.000000) (0.000000 0.000000 3674.783447)))
(0.508509 ((-0.036343 0.061377 0.000000) (0.000000 0.000000 3679.335715)))
(0.509510 ((-0.044309 0.065115 0.000000) (0.000000 0.000000 3683.593122)))
(0.510511 ((-0.052681 0.067824 0.000000) (0.000000 0.000000 3687.568830)))
(0.511512 ((-0.061327 0.069461 0.000000) (0.000000 0.000000 3691.280708)))
(0.512513 ((-0.070110 0.070000 0.000000) (0.000000 0.000000 3694.753834)))
(0.513514 ((-0.078891 0.069433 0.000000) (0.000000 0.000000 3698.023558)))
(0.514515 ((-0.087532 0.067769 0.000000) (0.000000 0.000000 3701.138989)))
(0.515516 ((-0.095895 0.065034 0.000000) (0.000000 0.000000 3704.166559)))
(0.516517 ((-0.103850 0.061271 0.000000) (0.000000 0.000000 3707.192988)))
(0.517518 ((-0.111269 0.056541 0.000000) (0.000000 0.000000 3710.326509)))
(0.518519 ((-0.118037 0.050916 0.000000) (0.000000 0.000000 3713.694824)))
(0.519520 ((-0.124045 0.044487 0.000000) (0.000000 0.000000 3717.438172)))
(0.520521 ((-0.129199 0.037356 0.000000) (0.000000 0.000000 3721.696729)))
(0.521522 ((-0.133418 0.029633 0.000000) (0.000000 0.000000 3726.593605)))
(0.522523 ((-0.136635 0.021443 0.000000) (0.000000 0.000000 3732.217492)))
(0.523524 ((-0.138799 0.012914 0.000000) (0.000000 0.000000 3738.610689)))
(0.524525 ((-0.139875 0.004180 0.000000) (0.000000 0.000000 3745.766815)))
(0.525526 ((-0.139847 -0.004619 0.000000) (0.000000 0.000000 3753.638349)))
(0.526527 ((-0.138716 -0.013346 0.000000) (0.000000 0.000000 3762.150036)))
(0.527528 ((-0.136499 -0.021861 0.000000) (0.000000 0.000000 3771.212984)))
(0.528529 ((-0.133231 -0.030031 0.000000) (0.000000 0.000000 3780.735846)))
(0.529530 ((-0.128963 -0.037727 0.000000) (0.000000 0.000000 3790.631869)))
(0.530531 ((-0.123764 -0.044826 0.000000) (0.000000 0.000000 3800.822330)))
(0.531532 ((-0.117716 -0.051217 0.000000) (0.000000 0.000000 3811.237455)))
(0.532533 ((-0.110913 -0.056799 0.000000) (0.000000 0.000000 3821.815903)))
(0.533534 ((-0.103464 -0.061483 0.000000) (0.000000 0.000000 3832.503583)))
(0.534535 ((-0.095486 -0.065195 0.000000) (0.000000 0.000000 3843.252254)))
(0.535536 ((-0.087106 -0.067878 0.000000) (0.000000 0.000000 3854.018179)))
(0.536537 ((-0.078455 -0.069488 0.000000) (0.000000 0.000000 3864.760933)))
(0.537538 ((-0.069670 -0.069999 0.000000) (0.000000 0.000000 3875.442443)))
(0.538539 ((-0.060891 -0.069405 0.000000) (0.000000 0.000000 3886.026256)))
(0.539540 ((-0.052255 -0.067714 0.000000) (0.000000 0.000000 3896.477066)))
(0.540541 ((-0.043900 -0.064952 0.000000) (0.000000 0.000000 3906.760509)))
(0.541542 ((-0.035958 -0.061165 0.000000) (0.000000 0.000000 3916.843223)))
(0.542543 ((-0.028553 -0.056411 0.000000) (0.000000 0.000000 3926.693181)))
(0.543544 ((-0.021803 -0.050765 0.000000) (0.000000 0.000000 3936.280259)))
(0.544545 ((-0.015815 -0.044317 0.000000) (0.000000 0.000000 3945.576985)))
(0.545546 ((-0.010683 -0.037169 0.000000) (0.000000 0.000000 3954.559368)))
(0.546547 ((-0.006489 -0.029434 0.000000) (0.000000 0.000000 3963.207669)))
(0.547548 ((-0.003298 -0.021233 0.000000) (0.000000 0.000000 3971.506975)))
(0.548549 ((-0.001161 -0.012697 0.000000) (0.000000 0.000000 3979.447448)))
(0.549550 ((-0.000112 -0.003960 0.000000) (0.000000 0.000000 3987.024194)))
(0.550551 ((-0.000167 0.004839 0.000000) (0.000000 0.000000 3994.236746)))
(0.551552 ((-0.001326 0.013562 0.000000) (0.000000 0.000000 4001.088255)))
(0.552553 ((-0.003570 0.022070 0.000000) (0.000000 0.000000 4007.584525)))
(0.553554 ((-0.006864 0.030230 0.000000) (0.000000 0.000000 4013.733042)))
(0.554555 ((-0.011155 0.037912 0.000000) (0.000000 0.000000 4019.542128)))
(0.555556 ((-0.016377 0.044995 0.000000) (0.000000 0.000000 4025.020343)))
(0.556557 ((-0.022445 0.051367 0.000000) (0.000000 0.000000 4030.176198)))
(0.557558 ((-0.029266 0.056927 0.000000) (0.000000 0.000000 4035.018231)))
(0.558559 ((-0.036729 0.061588 0.000000) (0.000000 0.000000 4039.555493)))
(0.559560 ((-0.044719 0.065275 0.000000) (0.000000 0.000000 4043.798472)))
(0.560561 ((-0.053108 0.067931 0.000000) (0.000000 0.000000 4047.760516)))
(0.561562 ((-0.061764 0.069514 0.000000) (0.000000 0.000000 4051.459788)))
(0.562563 ((-0.070550 0.069998 0.000000) (0.000000 0.000000 4054.921805)))
(0.563564 ((-0.079328 0.069376 0.000000) (0.000000 0.000000 4058.182518)))
(0.564565 ((-0.087958 0.067657 0.000000) (0.000000 0.000000 4061.291819)))
(0.565566 ((-0.096304 0.064870 0.000000) (0.000000 0.000000 4064.317095)))
(0.566567 ((-0.104234 0.061057 0.000000) (0.000000 0.000000 4067.346131)))
(0.567568 ((-0.111624 0.056280 0.000000) (0.000000 0.000000 4070.488217)))
(0.568569 ((-0.118356 0.050613 0.000000) (0.000000 0.000000 4073.871893)))
(0.569570 ((-0.124324 0.044147 0.000000) (0.000000 0.000000 4077.637740)))
(0.570571 ((-0.129433 0.036982 0.000000) (0.000000 0.000000 4081.925509)))
(0.571572 ((-0.133603 0.029234 0.000000) (0.000000 0.000000 4086.856980)))
(0.572573 ((-0.136768 0.021023 0.000000) (0.000000 0.000000 4092.518742)))
(0.573574 ((-0.138878 0.012481 0.000000) (0.000000 0.000000 4098.950623)))
(0.574575 ((-0.139900 0.003741 0.000000) (0.000000 0.000000 4106.143938)))
(0.575576 ((-0.139817 -0.005058 0.000000) (0.000000 0.000000 4114.049435)))
(0.576577 ((-0.138631 -0.013778 0.000000) (0.000000 0.000000 4122.590855)))
(0.577578 ((-0.136360 -0.022279 0.000000) (0.000000 0.000000 4131.678953)))
(0.578579 ((-0.133041 -0.030428 0.000000) (0.000000 0.000000 4141.222474)))
(0.579580 ((-0.128725 -0.038097 0.000000) (0.000000 0.000000 4151.135016)))
(0.580581 ((-0.123482 -0.045163 0.000000) (0.000000 0.000000 4161.338293)))
(0.581582 ((-0.117393 -0.051516 0.000000) (0.000000 0.000000 4171.762975)))
(0.582583 ((-0.110555 -0.057055 0.000000) (0.000000 0.000000 4182.348115)))
(0.583584 ((-0.103077 -0.061692 0.000000) (0.000000 0.000000 4193.039948)))
(0.584585 ((-0.095076 -0.065354 0.000000) (0.000000 0.000000 4203.790489)))
(0.585586 ((-0.086678 -0.067984 0.000000) (0.000000 0.000000 4214.556191)))
(0.586587 ((-0.078017 -0.069539 0.000000) (0.000000 0.000000 4225.296772)))
(0.587588 ((-0.069230 -0.069996 0.000000) (0.000000 0.000000 4235.974252)))
(0.588589 ((-0.060454 -0.069346 0.000000) (0.000000 0.000000 4246.552245)))
(0.589590 ((-0.051830 -0.067601 0.000000) (0.000000 0.000000 4256.995495)))
(0.590591 ((-0.043492 -0.064787 0.000000) (0.000000 0.000000 4267.269685)))
(0.591592 ((-0.035574 -0.060949 0.000000) (0.000000 0.000000 4277.341509)))
(0.592593 ((-0.028199 -0.056149 0.000000) (0.000000 0.000000 4287.179019)))
(0.593594 ((-0.021485 -0.050461 0.000000) (0.000000 0.000000 4296.752206)))
(0.594595 ((-0.015538 -0.043976 0.000000) (0.000000 0.000000 4306.033753)))
(0.595596 ((-0.010451 -0.036795 0.000000) (0.000000 0.000000 4314.999862)))
(0.596597 ((-0.006305 -0.029034 0.000000) (0.000000 0.000000 4323.631026)))
(0.597598 ((-0.003166 -0.020813 0.000000) (0.000000 0.000000 4331.912581)))
(0.598599 ((-0.001083 -0.012264 0.000000) (0.000000 0.000000 4339.834944)))
(0.599600 ((-0.000089 -0.003521 0.000000) (0.000000 0.000000 4347.393458)))
(0.600601 ((-0.000199 0.005278 0.000000) (0.000000 0.000000 4354.587857)))
(0.601602 ((-0.001413 0.013993 0.000000) (0.000000 0.000000 4361.421448)))
(0.602603 ((-0.003710 0.022487 0.000000) (0.000000 0.000000 4367.900143)))
(0.603604 ((-0.007055 0.030626 0.000000) (0.000000 0.000000 4374.031487)))
(0.604605 ((-0.011395 0.038281 0.000000) (0.000000 0.000000 4379.823826)))
(0.605606 ((-0.016661 0.045331 0.000000) (0.000000 0.000000 4385.285722)))
(0.606607 ((-0.022769 0.051665 0.000000) (0.000000 0.000000 4390.425681)))
(0.607608 ((-0.029624 0.057182 0.000000) (0.000000 0.000000 4395.252253)))
(0.608609 ((-0.037117 0.061796 0.000000) (0.000000 0.000000 4399.774534)))
(0.609610 ((-0.045130 0.065433 0.000000) (0.000000 0.000000 4404.003118)))
(0.610611 ((-0.053536 0.068036 0.000000) (0.000000 0.000000 4407.951542)))
(0.611612 ((-0.062201 0.069564 0.000000) (0.000000 0.000000 4411.638273)))
(0.612613 ((-0.070990 0.069993 0.000000) (0.000000 0.000000 4415.089269)))
(0.613614 ((-0.079764 0.069316 0.000000) (0.000000 0.000000 4418.341095)))
(0.614615 ((-0.088383 0.067543 0.000000) (0.000000 0.000000 4421.444435)))
(0.615616 ((-0.096711 0.064703 0.000000) (0.000000 0.000000 4424.467636)))
(0.616617 ((-0.104618 0.060841 0.000000) (0.000000 0.000000 4427.499552)))
(0.617618 ((-0.111977 0.056017 0.000000) (0.000000 0.000000 4430.650527)))
(0.618619 ((-0.118673 0.050308 0.000000) (0.000000 0.000000 4434.049918)))
(0.619620 ((-0.124600 0.043804 0.000000) (0.000000 0.000000 4437.838617)))
(0.620621 ((-0.129665 0.036608 0.000000) (0.000000 0.000000 4442.155907)))
(0.621622 ((-0.133786 0.028833 0.000000) (0.000000 0.000000 4447.122192)))
(0.622623 ((-0.136899 0.020603 0.000000) (0.000000 0.000000 4452.821927)))
(0.623624 ((-0.138956 0.012047 0.000000) (0.000000 0.000000 4459.292470)))
(0.624625 ((-0.139922 0.003301 0.000000) (0.000000 0.000000 4466.522848)))
(0.625626 ((-0.139784 -0.005497 0.000000) (0.000000 0.000000 4474.462114)))
(0.626627 ((-0.138543 -0.014209 0.000000) (0.000000 0.000000 4483.033042)))
(0.627628 ((-0.136219 -0.022696 0.000000) (0.000000 0.000000 4492.146058)))
(0.628629 ((-0.132848 -0.030824 0.000000) (0.000000 0.000000 4501.710024)))
(0.629630 ((-0.128484 -0.038465 0.000000) (0.000000 0.000000 4511.638887)))
(0.630631 ((-0.123196 -0.045499 0.000000) (0.000000 0.000000 4521.854808)))
(0.631632 ((-0.117068 -0.051813 0.000000) (0.000000 0.000000 4532.288895)))
(0.632633 ((-0.110196 -0.057309 0.000000) (0.000000 0.000000 4542.880593)))
(0.633634 ((-0.102688 -0.061899 0.000000) (0.000000 0.000000 4553.576458)))
(0.634635 ((-0.094664 -0.065511 0.000000) (0.000000 0.000000 4564.328760)))
(0.635636 ((-0.086250 -0.068088 0.000000) (0.000000 0.000000 4575.094141)))
(0.636637 ((-0.077580 -0.069588 0.000000) (0.000000 0.000000 4585.832452)))
(0.637638 ((-0.068790 -0.069990 0.000000) (0.000000 0.000000 4596.505811)))
(0.638639 ((-0.060018 -0.069285 0.000000) (0.000000 0.000000 4607.077896)))
(0.639640 ((-0.051405 -0.067485 0.000000) (0.000000 0.000000 4617.513501)))
(0.640641 ((-0.043085 -0.064619 0.000000) (0.000000 0.000000 4627.778354)))
(0.641642 ((-0.035191 -0.060732 0.000000) (0.000000 0.000000 4637.839208)))
(0.642643 ((-0.027847 -0.055885 0.000000) (0.000000 0.000000 4647.664196)))
(0.643644 ((-0.021169 -0.050155 0.000000) (0.000000 0.000000 4657.223424)))
(0.644645 ((-0.015262 -0.043632 0.000000) (0.000000 0.000000 4666.489730)))
(0.645646 ((-0.010221 -0.036420 0.000000) (0.000000 0.000000 4675.439518)))
(0.646647 ((-0.006124 -0.028633 0.000000) (0.000000 0.000000 4684.053507)))
(0.647648 ((-0.003036 -0.020393 0.000000) (0.000000 0.000000 4692.317288)))
(0.648649 ((-0.001007 -0.011830 0.000000) (0.000000 0.000000 4700.221530)))
(0.649650 ((-0.000068 -0.003081 0.000000) (0.000000 0.000000 4707.761812)))
(0.650651 ((-0.000234 0.005717 0.000000) (0.000000 0.000000 4714.938066)))
(0.651652 ((-0.001502 0.014424 0.000000) (0.000000 0.000000 4721.753754)))
(0.652653 ((-0.003853 0.022904 0.000000) (0.000000 0.000000 4728.214893)))
(0.653654 ((-0.007249 0.031022 0.000000) (0.000000 0.000000 4734.329084)))
(0.654655 ((-0.011637 0.038649 0.000000) (0.000000 0.000000 4740.104698)))
(0.655656 ((-0.016947 0.045666 0.000000) (0.000000 0.000000 4745.550295)))
(0.656657 ((-0.023095 0.051961 0.000000) (0.000000 0.000000 4750.674380)))
(0.657658 ((-0.029985 0.057435 0.000000) (0.000000 0.000000 4755.485514)))
(0.658659 ((-0.037507 0.062001 0.000000) (0.000000 0.000000 4759.992841)))
(0.659660 ((-0.045542 0.065588 0.000000) (0.000000 0.000000 4764.207064)))
(0.660661 ((-0.053964 0.068138 0.000000) (0.000000 0.000000 4768.141913)))
(0.661662 ((-0.062639 0.069612 0.000000) (0.000000 0.000000 4771.816166)))
(0.662663 ((-0.071430 0.069985 0.000000) (0.000000 0.000000 4775.256233)))
(0.663664 ((-0.080199 0.069253 0.000000) (0.000000 0.000000 4778.499298)))
(0.664665 ((-0.088807 0.067426 0.000000) (0.000000 0.000000 4781.596847)))
(0.665666 ((-0.097118 0.064534 0.000000) (0.000000 0.000000 4784.618194)))
(0.666667 ((-0.105000 0.060622 0.000000) (0.000000 0.000000 4787.653267)))
(0.667668 ((-0.112329 0.055752 0.000000) (0.000000 0.000000 4790.813454)))
(0.668669 ((-0.118989 0.050001 0.000000) (0.000000 0.000000 4794.228916)))
(0.669670 ((-0.124875 0.043460 0.000000) (0.000000 0.000000 4798.040820)))
(0.670671 ((-0.129894 0.036232 0.000000) (0.000000 0.000000 4802.387934)))
(0.671672 ((-0.133966 0.028432 0.000000) (0.000000 0.000000 4807.389247)))
(0.672673 ((-0.137028 0.020182 0.000000) (0.000000 0.000000 4813.127050)))
(0.673674 ((-0.139030 0.011613 0.000000) (0.000000 0.000000 4819.636224)))
(0.674675 ((-0.139942 0.002861 0.000000) (0.000000 0.000000 4826.903535)))
(0.675676 ((-0.139748 -0.005936 0.000000) (0.000000 0.000000 4834.876374)))
(0.676677 ((-0.138452 -0.014640 0.000000) (0.000000 0.000000 4843.476584)))
(0.677678 ((-0.136075 -0.023112 0.000000) (0.000000 0.000000 4852.614290)))
(0.678679 ((-0.132653 -0.031219 0.000000) (0.000000 0.000000 4862.198484)))
(0.679680 ((-0.128241 -0.038832 0.000000) (0.000000 0.000000 4872.143474)))
(0.680681 ((-0.122909 -0.045832 0.000000) (0.000000 0.000000 4882.371866)))
(0.681682 ((-0.116741 -0.052108 0.000000) (0.000000 0.000000 4892.815207)))
(0.682683 ((-0.109834 -0.057561 0.000000) (0.000000 0.000000 4903.413330)))
(0.683684 ((-0.102298 -0.062103 0.000000) (0.000000 0.000000 4914.113109)))
(0.684685 ((-0.094252 -0.065665 0.000000) (0.000000 0.000000 4924.867063)))
(0.685686 ((-0.085822 -0.068188 0.000000) (0.000000 0.000000 4935.632022)))
(0.686687 ((-0.077142 -0.069635 0.000000) (0.000000 0.000000 4946.367970)))
(0.687688 ((-0.068349 -0.069981 0.000000) (0.000000 0.000000 4957.037118)))
(0.688689 ((-0.059583 -0.069221 0.000000) (0.000000 0.000000 4967.603207)))
(0.689690 ((-0.050981 -0.067367 0.000000) (0.000000 0.000000 4978.031080)))
(0.690691 ((-0.042679 -0.064448 0.000000) (0.000000 0.000000 4988.286513)))
(0.691692 ((-0.034810 -0.060512 0.000000) (0.000000 0.000000 4998.336316)))
(0.692693 ((-0.027496 -0.055619 0.000000) (0.000000 0.000000 5008.148707)))
(0.693694 ((-0.020854 -0.049847 0.000000) (0.000000 0.000000 5017.693908)))
(0.694695 ((-0.014989 -0.043287 0.000000) (0.000000 0.000000 5026.944916)))
(0.695696 ((-0.009993 -0.036043 0.000000) (0.000000 0.000000 5035.878332)))
(0.696697 ((-0.005945 -0.028230 0.000000) (0.000000 0.000000 5044.475112)))
(0.697698 ((-0.002909 -0.019971 0.000000) (0.000000 0.000000 5052.721095)))
(0.698699 ((-0.000934 -0.011396 0.000000) (0.000000 0.000000 5060.607206)))
(0.699700 ((-0.000050 -0.002641 0.000000) (0.000000 0.000000 5068.129254)))
(0.700701 ((-0.000271 0.006155 0.000000) (0.000000 0.000000 5075.287372)))
(0.701702 ((-0.001594 0.014855 0.000000) (0.000000 0.000000 5082.085173)))
(0.702703 ((-0.003998 0.023320 0.000000) (0.000000 0.000000 5088.528775)))
(0.703704 ((-0.007446 0.031416 0.000000) (0.000000 0.000000 5094.625835)))
(0.704705 ((-0.011881 0.039015 0.000000) (0.000000 0.000000 5100.384744)))
(0.705706 ((-0.017235 0.045999 0.000000) (0.000000 0.000000 5105.814065)))
(0.706707 ((-0.023423 0.052255 0.000000) (0.000000 0.000000 5110.922297)))
(0.707708 ((-0.030347 0.057686 0.000000) (0.000000 0.000000 5115.718015)))
(0.708709 ((-0.037897 0.062205 0.000000) (0.000000 0.000000 5120.210414)))
(0.709710 ((-0.045955 0.065741 0.000000) (0.000000 0.000000 5124.410309)))
(0.710711 ((-0.054393 0.068238 0.000000) (0.000000 0.000000 5128.331631)))
(0.711712 ((-0.063077 0.069657 0.000000) (0.000000 0.000000 5131.993472)))
(0.712713 ((-0.071871 0.069975 0.000000) (0.000000 0.000000 5135.422701)))
(0.713714 ((-0.080635 0.069187 0.000000) (0.000000 0.000000 5138.657133)))
(0.714715 ((-0.089231 0.067307 0.000000) (0.000000 0.000000 5141.749064)))
(0.715716 ((-0.097523 0.064362 0.000000) (0.000000 0.000000 5144.768782)))
(0.716717 ((-0.105380 0.060401 0.000000) (0.000000 0.000000 5147.807291)))
(0.717718 ((-0.112679 0.055485 0.000000) (0.000000 0.000000 5150.977018)))
(0.718719 ((-0.119302 0.049692 0.000000) (0.000000 0.000000 5154.408906)))
(0.719720 ((-0.125147 0.043114 0.000000) (0.000000 0.000000 5158.244365)))
(0.720721 ((-0.130120 0.035855 0.000000) (0.000000 0.000000 5162.621605)))
(0.721722 ((-0.134144 0.028029 0.000000) (0.000000 0.000000 5167.658153)))
(0.722723 ((-0.137153 0.019760 0.000000) (0.000000 0.000000 5173.434112)))
(0.723724 ((-0.139102 0.011179 0.000000) (0.000000 0.000000 5179.981882)))
(0.724725 ((-0.139958 0.002421 0.000000) (0.000000 0.000000 5187.285991)))
(0.725726 ((-0.139709 -0.006375 0.000000) (0.000000 0.000000 5195.292205)))
(0.726727 ((-0.138359 -0.015070 0.000000) (0.000000 0.000000 5203.921469)))
(0.727728 ((-0.135928 -0.023527 0.000000) (0.000000 0.000000 5213.083637)))
(0.728729 ((-0.132455 -0.031612 0.000000) (0.000000 0.000000 5222.687844)))
(0.729730 ((-0.127996 -0.039198 0.000000) (0.000000 0.000000 5232.648768)))
(0.730731 ((-0.122620 -0.046164 0.000000) (0.000000 0.000000 5242.889460)))
(0.731732 ((-0.116412 -0.052401 0.000000) (0.000000 0.000000 5253.341905)))
(0.732733 ((-0.109472 -0.057810 0.000000) (0.000000 0.000000 5263.946320)))
(0.733734 ((-0.101907 -0.062305 0.000000) (0.000000 0.000000 5274.649895)))
(0.734735 ((-0.093838 -0.065816 0.000000) (0.000000 0.000000 5285.405394)))
(0.735736 ((-0.085393 -0.068287 0.000000) (0.000000 0.000000 5296.169830)))
(0.736737 ((-0.076704 -0.069678 0.000000) (0.000000 0.000000 5306.903321)))
(0.737738 ((-0.067909 -0.069969 0.000000) (0.000000 0.000000 5317.568166)))
(0.738739 ((-0.059148 -0.069154 0.000000) (0.000000 0.000000 5328.128171)))
(0.739740 ((-0.050558 -0.067246 0.000000) (0.000000 0.000000 5338.548228)))
(0.740741 ((-0.042275 -0.064275 0.000000) (0.000000 0.000000 5348.794157)))
(0.741742 ((-0.034430 -0.060289 0.000000) (0.000000 0.000000 5358.832831)))
(0.742743 ((-0.027147 -0.055350 0.000000) (0.000000 0.000000 5368.632550)))
(0.743744 ((-0.020542 -0.049537 0.000000) (0.000000 0.000000 5378.163656)))
(0.744745 ((-0.014718 -0.042940 0.000000) (0.000000 0.000000 5387.399307)))
(0.745746 ((-0.009767 -0.035665 0.000000) (0.000000 0.000000 5396.316305)))
(0.746747 ((-0.005769 -0.027827 0.000000) (0.000000 0.000000 5404.895838)))
(0.747748 ((-0.002785 -0.019549 0.000000) (0.000000 0.000000 5413.124001)))
(0.748749 ((-0.000864 -0.010962 0.000000) (0.000000 0.000000 5420.991970)))
(0.749750 ((-0.000035 -0.002201 0.000000) (0.000000 0.000000 5428.495786)))
(0.750751 ((-0.000311 0.006594 0.000000) (0.000000 0.000000 5435.635777)))
(0.751752 ((-0.001689 0.015285 0.000000) (0.000000 0.000000 5442.415707)))
(0.752753 ((-0.004146 0.023734 0.000000) (0.000000 0.000000 5448.841790)))
(0.753754 ((-0.007644 0.031808 0.000000) (0.000000 0.000000 5454.921740)))
(0.754755 ((-0.012128 0.039380 0.000000) (0.000000 0.000000 5460.663967)))
(0.755756 ((-0.017526 0.046330 0.000000) (0.000000 0.000000 5466.077032)))
(0.756757 ((-0.023753 0.052547 0.000000) (0.000000 0.000000 5471.169433)))
(0.757758 ((-0.030710 0.057934 0.000000) (0.000000 0.000000 5475.949758)))
(0.758759 ((-0.038289 0.062405 0.000000) (0.000000 0.000000 5480.427256)))
(0.759760 ((-0.046369 0.065891 0.000000) (0.000000 0.000000 5484.612858)))
(0.760761 ((-0.054822 0.068335 0.000000) (0.000000 0.000000 5488.520699)))
(0.761762 ((-0.063515 0.069699 0.000000) (0.000000 0.000000 5492.170193)))
(0.762763 ((-0.072311 0.069962 0.000000) (0.000000 0.000000 5495.588679)))
(0.763764 ((-0.081070 0.069119 0.000000) (0.000000 0.000000 5498.814608)))
(0.764765 ((-0.089654 0.067184 0.000000) (0.000000 0.000000 5501.901095)))
(0.765766 ((-0.097927 0.064188 0.000000) (0.000000 0.000000 5504.919412)))
(0.766767 ((-0.105759 0.060177 0.000000) (0.000000 0.000000 5507.961639)))
(0.767768 ((-0.113027 0.055215 0.000000) (0.000000 0.000000 5511.141235)))
(0.768769 ((-0.119614 0.049381 0.000000) (0.000000 0.000000 5514.589905)))
(0.769770 ((-0.125417 0.042766 0.000000) (0.000000 0.000000 5518.449268)))
(0.770771 ((-0.130345 0.035476 0.000000) (0.000000 0.000000 5522.856932)))
(0.771772 ((-0.134319 0.027625 0.000000) (0.000000 0.000000 5527.928918)))
(0.772773 ((-0.137276 0.019337 0.000000) (0.000000 0.000000 5533.743113)))
(0.773774 ((-0.139171 0.010744 0.000000) (0.000000 0.000000 5540.329440)))
(0.774775 ((-0.139972 0.001981 0.000000) (0.000000 0.000000 5547.670208)))
(0.775776 ((-0.139668 -0.006813 0.000000) (0.000000 0.000000 5555.709596)))
(0.776777 ((-0.138262 -0.015499 0.000000) (0.000000 0.000000 5564.367687)))
(0.777778 ((-0.135779 -0.023941 0.000000) (0.000000 0.000000 5573.554088)))
(0.778779 ((-0.132255 -0.032004 0.000000) (0.000000 0.000000 5583.178094)))
(0.779780 ((-0.127748 -0.039562 0.000000) (0.000000 0.000000 5593.154759)))
(0.780781 ((-0.122329 -0.046494 0.000000) (0.000000 0.000000 5603.407582)))
(0.781782 ((-0.116082 -0.052692 0.000000) (0.000000 0.000000 5613.868982)))
(0.782783 ((-0.109107 -0.058057 0.000000) (0.000000 0.000000 5624.479556)))
(0.783784 ((-0.101515 -0.062505 0.000000) (0.000000 0.000000 5635.186809)))
(0.784785 ((-0.093424 -0.065965 0.000000) (0.000000 0.000000 5645.943745)))
(0.785786 ((-0.084963 -0.068382 0.000000) (0.000000 0.000000 5656.707560)))
(0.786787 ((-0.076266 -0.069719 0.000000) (0.000000 0.000000 5667.438499)))
(0.787788 ((-0.067469 -0.069954 0.000000) (0.000000 0.000000 5678.098952)))
(0.788789 ((-0.058713 -0.069084 0.000000) (0.000000 0.000000 5688.652786)))
(0.789790 ((-0.050135 -0.067122 0.000000) (0.000000 0.000000 5699.064940)))
(0.790791 ((-0.041871 -0.064100 0.000000) (0.000000 0.000000 5709.301284)))
(0.791792 ((-0.034051 -0.060064 0.000000) (0.000000 0.000000 5719.328748)))
(0.792793 ((-0.026800 -0.055080 0.000000) (0.000000 0.000000 5729.115721)))
(0.793794 ((-0.020231 -0.049225 0.000000) (0.000000 0.000000 5738.632664)))
(0.794795 ((-0.014449 -0.042592 0.000000) (0.000000 0.000000 5747.852900)))
(0.795796 ((-0.009544 -0.035286 0.000000) (0.000000 0.000000 5756.753432)))
(0.796797 ((-0.005595 -0.027422 0.000000) (0.000000 0.000000 5765.315685)))
(0.797798 ((-0.002663 -0.019126 0.000000) (0.000000 0.000000 5773.526006)))
(0.798799 ((-0.000796 -0.010527 0.000000) (0.000000 0.000000 5781.375822)))
(0.799800 ((-0.000022 -0.001761 0.000000) (0.000000 0.000000 5788.861407)))
(0.800801 ((-0.000354 0.007032 0.000000) (0.000000 0.000000 5795.983282)))
(0.801802 ((-0.001787 0.015714 0.000000) (0.000000 0.000000 5802.745355)))
(0.802803 ((-0.004297 0.024148 0.000000) (0.000000 0.000000 5809.153940)))
(0.803804 ((-0.007846 0.032200 0.000000) (0.000000 0.000000 5815.216802)))
(0.804805 ((-0.012377 0.039743 0.000000) (0.000000 0.000000 5820.942367)))
(0.805806 ((-0.017818 0.046659 0.000000) (0.000000 0.000000 5826.339198)))
(0.806807 ((-0.024084 0.052837 0.000000) (0.000000 0.000000 5831.415788)))
(0.807808 ((-0.031075 0.058180 0.000000) (0.000000 0.000000 5836.180743)))
(0.808809 ((-0.038682 0.062603 0.000000) (0.000000 0.000000 5840.643367)))
(0.809810 ((-0.046784 0.066038 0.000000) (0.000000 0.000000 5844.814711)))
(0.810811 ((-0.055252 0.068429 0.000000) (0.000000 0.000000 5848.709119)))
(0.811812 ((-0.063954 0.069738 0.000000) (0.000000 0.000000 5852.346335)))
(0.812813 ((-0.072751 0.069946 0.000000) (0.000000 0.000000 5855.754173)))
(0.813814 ((-0.081504 0.069048 0.000000) (0.000000 0.000000 5858.971731)))
(0.814815 ((-0.090076 0.067059 0.000000) (0.000000 0.000000 5862.052952)))
(0.815816 ((-0.098330 0.064011 0.000000) (0.000000 0.000000 5865.070097)))
(0.816817 ((-0.106137 0.059951 0.000000) (0.000000 0.000000 5868.116326)))
(0.817818 ((-0.113373 0.054943 0.000000) (0.000000 0.000000 5871.306122)))
(0.818819 ((-0.119923 0.049068 0.000000) (0.000000 0.000000 5874.771931)))
(0.819820 ((-0.125685 0.042417 0.000000) (0.000000 0.000000 5878.655547)))
(0.820821 ((-0.130566 0.035096 0.000000) (0.000000 0.000000 5883.093928)))
(0.821822 ((-0.134491 0.027220 0.000000) (0.000000 0.000000 5888.201549)))
(0.822823 ((-0.137396 0.018914 0.000000) (0.000000 0.000000 5894.054055)))
(0.823824 ((-0.139237 0.010309 0.000000) (0.000000 0.000000 5900.678891)))
(0.824825 ((-0.139983 0.001541 0.000000) (0.000000 0.000000 5908.056177)))
(0.825826 ((-0.139623 -0.007251 0.000000) (0.000000 0.000000 5916.128535)))
(0.826827 ((-0.138164 -0.015928 0.000000) (0.000000 0.000000 5924.815226)))
(0.827828 ((-0.135627 -0.024354 0.000000) (0.000000 0.000000 5934.025631)))
(0.828829 ((-0.132053 -0.032395 0.000000) (0.000000 0.000000 5943.669224)))
(0.829830 ((-0.127498 -0.039924 0.000000) (0.000000 0.000000 5953.661439)))
(0.830831 ((-0.122035 -0.046823 0.000000) (0.000000 0.000000 5963.926223)))
(0.831832 ((-0.115750 -0.052981 0.000000) (0.000000 0.000000 5974.396429)))
(0.832833 ((-0.108741 -0.058302 0.000000) (0.000000 0.000000 5985.013034)))
(0.833834 ((-0.101121 -0.062702 0.000000) (0.000000 0.000000 5995.723846)))
(0.834835 ((-0.093009 -0.066111 0.000000) (0.000000 0.000000 6006.482114)))
(0.835836 ((-0.084533 -0.068475 0.000000) (0.000000 0.000000 6017.245208)))
(0.836837 ((-0.075827 -0.069757 0.000000) (0.000000 0.000000 6027.973502)))
(0.837838 ((-0.067029 -0.069937 0.000000) (0.000000 0.000000 6038.629471)))
(0.838839 ((-0.058279 -0.069012 0.000000) (0.000000 0.000000 6049.177046)))
(0.839840 ((-0.049713 -0.066996 0.000000) (0.000000 0.000000 6059.581212)))
(0.840841 ((-0.041468 -0.063921 0.000000) (0.000000 0.000000 6069.807887)))
(0.841842 ((-0.033674 -0.059837 0.000000) (0.000000 0.000000 6079.824064)))
(0.842843 ((-0.026454 -0.054807 0.000000) (0.000000 0.000000 6089.598216)))
(0.843844 ((-0.019923 -0.048911 0.000000) (0.000000 0.000000 6099.100930)))
(0.844845 ((-0.014182 -0.042242 0.000000) (0.000000 0.000000 6108.305693)))
(0.845846 ((-0.009323 -0.034905 0.000000) (0.000000 0.000000 6117.189713)))
(0.846847 ((-0.005424 -0.027017 0.000000) (0.000000 0.000000 6125.734652)))
(0.847848 ((-0.002544 -0.018702 0.000000) (0.000000 0.000000 6133.927109)))
(0.848849 ((-0.000731 -0.010091 0.000000) (0.000000 0.000000 6141.758764)))
(0.849850 ((-0.000012 -0.001321 0.000000) (0.000000 0.000000 6149.226119)))
(0.850851 ((-0.000400 0.007470 0.000000) (0.000000 0.000000 6156.329886)))
(0.851852 ((-0.001887 0.016143 0.000000) (0.000000 0.000000 6163.074120)))
(0.852853 ((-0.004450 0.024561 0.000000) (0.000000 0.000000 6169.465226)))
(0.853854 ((-0.008049 0.032590 0.000000) (0.000000 0.000000 6175.511019)))
(0.854855 ((-0.012628 0.040105 0.000000) (0.000000 0.000000 6181.219945)))
(0.855856 ((-0.018112 0.046986 0.000000) (0.000000 0.000000 6186.600562)))
(0.856857 ((-0.024417 0.053124 0.000000) (0.000000 0.000000 6191.661364)))
(0.857858 ((-0.031442 0.058423 0.000000) (0.000000 0.000000 6196.410972)))
(0.858859 ((-0.039076 0.062799 0.000000) (0.000000 0.000000 6200.858749)))
(0.859860 ((-0.047199 0.066183 0.000000) (0.000000 0.000000 6205.015870)))
(0.860861 ((-0.055683 0.068520 0.000000) (0.000000 0.000000 6208.896895)))
(0.861862 ((-0.064392 0.069775 0.000000) (0.000000 0.000000 6212.521901)))
(0.862863 ((-0.073190 0.069927 0.000000) (0.000000 0.000000 6215.919187)))
(0.863864 ((-0.081938 0.068974 0.000000) (0.000000 0.000000 6219.128509)))
(0.864865 ((-0.090497 0.066932 0.000000) (0.000000 0.000000 6222.204645)))
(0.865866 ((-0.098732 0.063831 0.000000) (0.000000 0.000000 6225.220851)))
(0.866867 ((-0.106514 0.059722 0.000000) (0.000000 0.000000 6228.271369)))
(0.867868 ((-0.113718 0.054670 0.000000) (0.000000 0.000000 6231.471697)))
(0.868869 ((-0.120231 0.048753 0.000000) (0.000000 0.000000 6234.955003)))
(0.869870 ((-0.125951 0.042066 0.000000) (0.000000 0.000000 6238.863217)))
(0.870871 ((-0.130786 0.034714 0.000000) (0.000000 0.000000 6243.332605)))
(0.871872 ((-0.134661 0.026814 0.000000) (0.000000 0.000000 6248.476053)))
(0.872873 ((-0.137514 0.018490 0.000000) (0.000000 0.000000 6254.366938)))
(0.873874 ((-0.139300 0.009873 0.000000) (0.000000 0.000000 6261.030232)))
(0.874875 ((-0.139991 0.001101 0.000000) (0.000000 0.000000 6268.443887)))
(0.875876 ((-0.139576 -0.007689 0.000000) (0.000000 0.000000 6276.549013)))
(0.876877 ((-0.138062 -0.016357 0.000000) (0.000000 0.000000 6285.264074)))
(0.877878 ((-0.135472 -0.024767 0.000000) (0.000000 0.000000 6294.498256)))
(0.878879 ((-0.131848 -0.032785 0.000000) (0.000000 0.000000 6304.161224)))
(0.879880 ((-0.127246 -0.040285 0.000000) (0.000000 0.000000 6314.168798)))
(0.880881 ((-0.121740 -0.047149 0.000000) (0.000000 0.000000 6324.445376)))
(0.881882 ((-0.115416 -0.053267 0.000000) (0.000000 0.000000 6334.924242)))
(0.882883 ((-0.108374 -0.058544 0.000000) (0.000000 0.000000 6345.546745)))
(0.883884 ((-0.100726 -0.062896 0.000000) (0.000000 0.000000 6356.261002)))
(0.884885 ((-0.092592 -0.066254 0.000000) (0.000000 0.000000 6367.020494)))
(0.885886 ((-0.084102 -0.068565 0.000000) (0.000000 0.000000 6377.782768)))
(0.886887 ((-0.075388 -0.069792 0.000000) (0.000000 0.000000 6388.508323)))
(0.887888 ((-0.066590 -0.069917 0.000000) (0.000000 0.000000 6399.159719)))
(0.888889 ((-0.057845 -0.068937 0.000000) (0.000000 0.000000 6409.700947)))
(0.889890 ((-0.049292 -0.066867 0.000000) (0.000000 0.000000 6420.097040)))
(0.890891 ((-0.041067 -0.063741 0.000000) (0.000000 0.000000 6430.313964)))
(0.891892 ((-0.033299 -0.059607 0.000000) (0.000000 0.000000 6440.318774)))
(0.892893 ((-0.026111 -0.054532 0.000000) (0.000000 0.000000 6450.080032)))
(0.893894 ((-0.019616 -0.048595 0.000000) (0.000000 0.000000 6459.568451)))
(0.894895 ((-0.013917 -0.041890 0.000000) (0.000000 0.000000 6468.757683)))
(0.895896 ((-0.009105 -0.034523 0.000000) (0.000000 0.000000 6477.625145)))
(0.896897 ((-0.005255 -0.026610 0.000000) (0.000000 0.000000 6486.152736)))
(0.897898 ((-0.002428 -0.018277 0.000000) (0.000000 0.000000 6494.327309)))
(0.898899 ((-0.000669 -0.009655 0.000000) (0.000000 0.000000 6502.140793)))
(0.899900 ((-0.000006 -0.000881 0.000000) (0.000000 0.000000 6509.589920)))
(0.900901 ((-0.000448 0.007907 0.000000) (0.000000 0.000000 6516.675592)))
(0.901902 ((-0.001990 0.016571 0.000000) (0.000000 0.000000 6523.402001)))
(0.902903 ((-0.004606 0.024972 0.000000) (0.000000 0.000000 6529.775648)))
(0.903904 ((-0.008256 0.032979 0.000000) (0.000000 0.000000 6535.804395)))
(0.904905 ((-0.012881 0.040465 0.000000) (0.000000 0.000000 6541.496702)))
(0.905906 ((-0.018409 0.047311 0.000000) (0.000000 0.000000 6546.861127)))
(0.906907 ((-0.024752 0.053410 0.000000) (0.000000 0.000000 6551.906162)))
(0.907908 ((-0.031810 0.058665 0.000000) (0.000000 0.000000 6556.640446)))
(0.908909 ((-0.039472 0.062992 0.000000) (0.000000 0.000000 6561.073404)))
(0.909910 ((-0.047616 0.066325 0.000000) (0.000000 0.000000 6565.216338)))
(0.910911 ((-0.056114 0.068609 0.000000) (0.000000 0.000000 6569.084029)))
(0.911912 ((-0.064831 0.069809 0.000000) (0.000000 0.000000 6572.696895)))
(0.912913 ((-0.073630 0.069906 0.000000) (0.000000 0.000000 6576.083729)))
(0.913914 ((-0.082372 0.068898 0.000000) (0.000000 0.000000 6579.284950)))
(0.914915 ((-0.090918 0.066802 0.000000) (0.000000 0.000000 6582.356183)))
(0.915916 ((-0.099133 0.063649 0.000000) (0.000000 0.000000 6585.371686)))
(0.916917 ((-0.106888 0.059492 0.000000) (0.000000 0.000000 6588.426782)))
(0.917918 ((-0.114061 0.054394 0.000000) (0.000000 0.000000 6591.637978)))
(0.918919 ((-0.120537 0.048436 0.000000) (0.000000 0.000000 6595.139139)))
(0.919920 ((-0.126214 0.041713 0.000000) (0.000000 0.000000 6599.072295)))
(0.920921 ((-0.131003 0.034331 0.000000) (0.000000 0.000000 6603.572976)))
(0.921922 ((-0.134828 0.026406 0.000000) (0.000000 0.000000 6608.752435)))
(0.922923 ((-0.137629 0.018065 0.000000) (0.000000 0.000000 6614.681761)))
(0.923924 ((-0.139361 0.009437 0.000000) (0.000000 0.000000 6621.383456)))
(0.924925 ((-0.139997 0.000661 0.000000) (0.000000 0.000000 6628.833332)))
(0.925926 ((-0.139527 -0.008126 0.000000) (0.000000 0.000000 6636.971017)))
(0.926927 ((-0.137958 -0.016785 0.000000) (0.000000 0.000000 6645.714219)))
(0.927928 ((-0.135315 -0.025178 0.000000) (0.000000 0.000000 6654.971952)))
(0.928929 ((-0.131640 -0.033173 0.000000) (0.000000 0.000000 6664.654083)))
(0.929930 ((-0.126992 -0.040644 0.000000) (0.000000 0.000000 6674.676828)))
(0.930931 ((-0.121442 -0.047473 0.000000) (0.000000 0.000000 6684.965033)))
(0.931932 ((-0.115080 -0.053552 0.000000) (0.000000 0.000000 6695.452412)))
(0.932933 ((-0.108005 -0.058785 0.000000) (0.000000 0.000000 6706.080685)))
(0.933934 ((-0.100330 -0.063088 0.000000) (0.000000 0.000000 6716.798269)))
(0.934935 ((-0.092175 -0.066395 0.000000) (0.000000 0.000000 6727.558880)))
(0.935936 ((-0.083670 -0.068652 0.000000) (0.000000 0.000000 6738.320237)))
(0.936937 ((-0.074949 -0.069825 0.000000) (0.000000 0.000000 6749.042958)))
(0.937938 ((-0.066150 -0.069894 0.000000) (0.000000 0.000000 6759.689691)))
(0.938939 ((-0.057412 -0.068859 0.000000) (0.000000 0.000000 6770.224485)))
(0.939940 ((-0.048872 -0.066735 0.000000) (0.000000 0.000000 6780.612421)))
(0.940941 ((-0.040667 -0.063558 0.000000) (0.000000 0.000000 6790.819511)))
(0.941942 ((-0.032925 -0.059375 0.000000) (0.000000 0.000000 6800.812874)))
(0.942943 ((-0.025768 -0.054255 0.000000) (0.000000 0.000000 6810.561165)))
(0.943944 ((-0.019311 -0.048277 0.000000) (0.000000 0.000000 6820.035222)))
(0.944945 ((-0.013655 -0.041536 0.000000) (0.000000 0.000000 6829.208868)))
(0.945946 ((-0.008889 -0.034139 0.000000) (0.000000 0.000000 6838.059726)))
(0.946947 ((-0.005089 -0.026202 0.000000) (0.000000 0.000000 6846.569936)))
(0.947948 ((-0.002315 -0.017852 0.000000) (0.000000 0.000000 6854.726605)))
(0.948949 ((-0.000610 -0.009219 0.000000) (0.000000 0.000000 6862.521911)))
(0.949950 ((-0.000001 -0.000441 0.000000) (0.000000 0.000000 6869.952813)))
(0.950951 ((-0.000499 0.008345 0.000000) (0.000000 0.000000 6877.020398)))
(0.951952 ((-0.002095 0.016998 0.000000) (0.000000 0.000000 6883.729000)))
(0.952953 ((-0.004764 0.025383 0.000000) (0.000000 0.000000 6890.085207)))
(0.953954 ((-0.008464 0.033367 0.000000) (0.000000 0.000000 6896.096930)))
(0.954955 ((-0.013137 0.040823 0.000000) (0.000000 0.000000 6901.772640)))
(0.955956 ((-0.018707 0.047635 0.000000) (0.000000 0.000000 6907.120894)))
(0.956957 ((-0.025089 0.053694 0.000000) (0.000000 0.000000 6912.150182)))
(0.957958 ((-0.032180 0.058904 0.000000) (0.000000 0.000000 6916.869166)))
(0.958959 ((-0.039869 0.063183 0.000000) (0.000000 0.000000 6921.287333)))
(0.959960 ((-0.048034 0.066464 0.000000) (0.000000 0.000000 6925.416117)))
(0.960961 ((-0.056546 0.068695 0.000000) (0.000000 0.000000 6929.270524)))
(0.961962 ((-0.065270 0.069840 0.000000) (0.000000 0.000000 6932.871322)))
(0.962963 ((-0.074070 0.069882 0.000000) (0.000000 0.000000 6936.247804)))
(0.963964 ((-0.082805 0.068819 0.000000) (0.000000 0.000000 6939.441062)))
(0.964965 ((-0.091337 0.066669 0.000000) (0.000000 0.000000 6942.507577)))
(0.965966 ((-0.099533 0.063465 0.000000) (0.000000 0.000000 6945.522615)))
(0.966967 ((-0.107262 0.059258 0.000000) (0.000000 0.000000 6948.582581)))
(0.967968 ((-0.114402 0.054115 0.000000) (0.000000 0.000000 6951.804981)))
(0.968969 ((-0.120840 0.048117 0.000000) (0.000000 0.000000 6955.324355)))
(0.969970 ((-0.126475 0.041359 0.000000) (0.000000 0.000000 6959.282798)))
(0.970971 ((-0.131218 0.033947 0.000000) (0.000000 0.000000 6963.815053)))
(0.971972 ((-0.134993 0.025998 0.000000) (0.000000 0.000000 6969.030703)))
(0.972973 ((-0.137741 0.017639 0.000000) (0.000000 0.000000 6974.998526)))
(0.973974 ((-0.139419 0.009001 0.000000) (0.000000 0.000000 6981.738558)))
(0.974975 ((-0.140000 0.000221 0.000000) (0.000000 0.000000 6989.224500)))
(0.975976 ((-0.139474 -0.008563 0.000000) (0.000000 0.000000 6997.394536)))
(0.976977 ((-0.137851 -0.017212 0.000000) (0.000000 0.000000 7006.165651)))
(0.977978 ((-0.135156 -0.025588 0.000000) (0.000000 0.000000 7015.446707)))
(0.978979 ((-0.131431 -0.033560 0.000000) (0.000000 0.000000 7025.147792)))
(0.979980 ((-0.126735 -0.041002 0.000000) (0.000000 0.000000 7035.185520)))
(0.980981 ((-0.121142 -0.047796 0.000000) (0.000000 0.000000 7045.485187)))
(0.981982 ((-0.114742 -0.053834 0.000000) (0.000000 0.000000 7055.980933)))
(0.982983 ((-0.107635 -0.059022 0.000000) (0.000000 0.000000 7066.614847)))
(0.983984 ((-0.099932 -0.063278 0.000000) (0.000000 0.000000 7077.335644)))
(0.984985 ((-0.091757 -0.066533 0.000000) (0.000000 0.000000 7088.097268)))
(0.985986 ((-0.083238 -0.068737 0.000000) (0.000000 0.000000 7098.857608)))
(0.986987 ((-0.074510 -0.069855 0.000000) (0.000000 0.000000 7109.577403)))
(0.987988 ((-0.065711 -0.069868 0.000000) (0.000000 0.000000 7120.219384)))
(0.988989 ((-0.056979 -0.068778 0.000000) (0.000000 0.000000 7130.747656)))
(0.989990 ((-0.048453 -0.066601 0.000000) (0.000000 0.000000 7141.127348)))
(0.990991 ((-0.040268 -0.063372 0.000000) (0.000000 0.000000 7151.324523)))
(0.991992 ((-0.032552 -0.059141 0.000000) (0.000000 0.000000 7161.306362)))
(0.992993 ((-0.025428 -0.053975 0.000000) (0.000000 0.000000 7171.041612)))
(0.993994 ((-0.019009 -0.047957 0.000000) (0.000000 0.000000 7180.501242)))
(0.994995 ((-0.013395 -0.041181 0.000000) (0.000000 0.000000 7189.659245)))
(0.995996 ((-0.008676 -0.033754 0.000000) (0.000000 0.000000 7198.493455)))
(0.996997 ((-0.004926 -0.025794 0.000000) (0.000000 0.000000 7206.986251)))
(0.997998 ((-0.002204 -0.017426 0.000000) (0.000000 0.000000 7215.124996)))
(0.998999 ((-0.000553 -0.008782 0.000000) (0.000000 0.000000 7222.902117)))
(1.000000 ((-0.000000 -0.000000 0.000000) (0.000000 0.000000 7230.314796)))
)

