
1000
(
(0.000000 ((-0.000000 0.000000 0.000000) (0.000000 0.000000 4.711762)))
(0.001001 ((-0.008782 -0.000553 0.000000) (0.000000 0.000000 7.983758)))
(0.002002 ((-0.017425 -0.002204 0.000000) (0.000000 0.000000 11.100747)))
(0.003003 ((-0.025793 -0.004925 0.000000) (0.000000 0.000000 14.128924)))
(0.004004 ((-0.033754 -0.008676 0.000000) (0.000000 0.000000 17.154744)))
(0.005005 ((-0.041181 -0.013395 0.000000) (0.000000 0.000000 20.286174)))
(0.006006 ((-0.047957 -0.019008 0.000000) (0.000000 0.000000 23.650703)))
(0.007007 ((-0.053975 -0.025428 0.000000) (0.000000 0.000000 27.388482)))
(0.008008 ((-0.059141 -0.032552 0.000000) (0.000000 0.000000 31.639785)))
(0.009009 ((-0.063372 -0.040267 0.000000) (0.000000 0.000000 36.528047)))
(0.010010 ((-0.066601 -0.048453 0.000000) (0.000000 0.000000 42.142482)))
(0.011011 ((-0.068778 -0.056978 0.000000) (0.000000 0.000000 48.526004)))
(0.012012 ((-0.069868 -0.065710 0.000000) (0.000000 0.000000 55.672814)))
(0.013013 ((-0.069855 -0.074510 0.000000) (0.000000 0.000000 63.535828)))
(0.014014 ((-0.068737 -0.083238 0.000000) (0.000000 0.000000 72.040046)))
(0.015015 ((-0.066533 -0.091757 0.000000) (0.000000 0.000000 81.096671)))
(0.016016 ((-0.063278 -0.099932 0.000000) (0.000000 0.000000 90.614334)))
(0.017017 ((-0.059023 -0.107634 0.000000) (0.000000 0.000000 100.506197)))
(0.018018 ((-0.053835 -0.114742 0.000000) (0.000000 0.000000 110.693427)))
(0.019019 ((-0.047796 -0.121142 0.000000) (0.000000 0.000000 121.106138)))
(0.020020 ((-0.041002 -0.126735 0.000000) (0.000000 0.000000 131.682892)))
(0.021021 ((-0.033561 -0.131430 0.000000) (0.000000 0.000000 142.369515)))
(0.022022 ((-0.025589 -0.135155 0.000000) (0.000000 0.000000 153.117702)))
(0.023023 ((-0.017212 -0.137851 0.000000) (0.000000 0.000000 163.883666)))
(0.024024 ((-0.008564 -0.139474 0.000000) (0.000000 0.000000 174.626949)))
(0.025025 ((0.000220 -0.140000 0.000000) (0.000000 0.000000 185.309453)))
(0.026026 ((0.009000 -0.139419 0.000000) (0.000000 0.000000 195.894707)))
(0.027027 ((0.017638 -0.137741 0.000000) (0.000000 0.000000 206.347393)))
(0.028028 ((0.025998 -0.134993 0.000000) (0.000000 0.000000 216.633137)))
(0.029029 ((0.033946 -0.131218 0.000000) (0.000000 0.000000 226.718561)))
(0.030030 ((0.041358 -0.126476 0.000000) (0.000000 0.000000 236.571619)))
(0.031031 ((0.048117 -0.120841 0.000000) (0.000000 0.000000 246.162159)))
(0.032032 ((0.054115 -0.114402 0.000000) (0.000000 0.000000 255.462671)))
(0.033033 ((0.059258 -0.107262 0.000000) (0.000000 0.000000 264.449114)))
(0.034034 ((0.063465 -0.099533 0.000000) (0.000000 0.000000 273.101694)))
(0.035035 ((0.066669 -0.091338 0.000000) (0.000000 0.000000 281.405433)))
(0.036036 ((0.068819 -0.082805 0.000000) (0.000000 0.000000 289.350432)))
(0.037037 ((0.069882 -0.074070 0.000000) (0.000000 0.000000 296.931736)))
(0.038038 ((0.069840 -0.065271 0.000000) (0.000000 0.000000 304.148827)))
(0.039039 ((0.068695 -0.056546 0.000000) (0.000000 0.000000 311.004818)))
(0.040040 ((0.066464 -0.048034 0.000000) (0.000000 0.000000 317.505485)))
(0.041041 ((0.063183 -0.039869 0.000000) (0.000000 0.000000 323.658298)))
(0.042042 ((0.058904 -0.032180 0.000000) (0.000000 0.000000 329.471574)))
(0.043043 ((0.053694 -0.025089 0.000000) (0.000000 0.000000 334.953873)))
(0.044044 ((0.047635 -0.018708 0.000000) (0.000000 0.000000 340.113705)))
(0.045045 ((0.040824 -0.013137 0.000000) (0.000000 0.000000 344.959607)))
(0.046046 ((0.033367 -0.008464 0.000000) (0.000000 0.000000 349.500617)))
(0.047047 ((0.025384 -0.004764 0.000000) (0.000000 0.000000 353.747200)))
(0.048048 ((0.016999 -0.002095 0.000000) (0.000000 0.000000 357.712656)))
(0.049049 ((0.008345 -0.000499 0.000000) (0.000000 0.000000 361.415074)))
(0.050050 ((-0.000440 -0.000001 0.000000) (0.000000 0.000000 364.879860)))
(0.051051 ((-0.009219 -0.000610 0.000000) (0.000000 0.000000 368.142814)))
(0.052052 ((-0.017851 -0.002314 0.000000) (0.000000 0.000000 371.253632)))
(0.053053 ((-0.026202 -0.005089 0.000000) (0.000000 0.000000 374.279461)))
(0.054054 ((-0.034139 -0.008889 0.000000) (0.000000 0.000000 377.307820)))
(0.055055 ((-0.041536 -0.013655 0.000000) (0.000000 0.000000 380.447734)))
(0.056056 ((-0.048277 -0.019311 0.000000) (0.000000 0.000000 383.827537)))
(0.057057 ((-0.054254 -0.025768 0.000000) (0.000000 0.000000 387.587726)))
(0.058058 ((-0.059375 -0.032924 0.000000) (0.000000 0.000000 391.868163)))
(0.059059 ((-0.063557 -0.040666 0.000000) (0.000000 0.000000 396.790965)))
(0.060060 ((-0.066735 -0.048872 0.000000) (0.000000 0.000000 402.443248)))
(0.061061 ((-0.068859 -0.057411 0.000000) (0.000000 0.000000 408.865460)))
(0.062062 ((-0.069894 -0.066150 0.000000) (0.000000 0.000000 416.049490)))
(0.063063 ((-0.069825 -0.074949 0.000000) (0.000000 0.000000 423.946514)))
(0.064064 ((-0.068652 -0.083670 0.000000) (0.000000 0.000000 432.480522)))
(0.065065 ((-0.066395 -0.092175 0.000000) (0.000000 0.000000 441.562353)))
(0.066066 ((-0.063088 -0.100329 0.000000) (0.000000 0.000000 451.100731)))
(0.067067 ((-0.058785 -0.108005 0.000000) (0.000000 0.000000 461.009161)))
(0.068068 ((-0.053552 -0.115079 0.000000) (0.000000 0.000000 471.209250)))
(0.069069 ((-0.047474 -0.121442 0.000000) (0.000000 0.000000 481.631557)))
(0.070070 ((-0.040645 -0.126991 0.000000) (0.000000 0.000000 492.215037)))
(0.071071 ((-0.033174 -0.131640 0.000000) (0.000000 0.000000 502.905843)))
(0.072072 ((-0.025178 -0.135315 0.000000) (0.000000 0.000000 513.655926)))
(0.073073 ((-0.016785 -0.137958 0.000000) (0.000000 0.000000 524.421694)))
(0.074074 ((-0.008127 -0.139527 0.000000) (0.000000 0.000000 535.162827)))
(0.075075 ((0.000660 -0.139997 0.000000) (0.000000 0.000000 545.841323)))
(0.076076 ((0.009437 -0.139361 0.000000) (0.000000 0.000000 556.420779)))
(0.077077 ((0.018064 -0.137629 0.000000) (0.000000 0.000000 566.865927)))
(0.078078 ((0.026406 -0.134828 0.000000) (0.000000 0.000000 577.142438)))
(0.079079 ((0.034331 -0.131003 0.000000) (0.000000 0.000000 587.216992)))
(0.080080 ((0.041713 -0.126214 0.000000) (0.000000 0.000000 597.057622)))
(0.081081 ((0.048436 -0.120537 0.000000) (0.000000 0.000000 606.634288)))
(0.082082 ((0.054393 -0.114061 0.000000) (0.000000 0.000000 615.919635)))
(0.083083 ((0.059491 -0.106889 0.000000) (0.000000 0.000000 624.889817)))
(0.084084 ((0.063649 -0.099134 0.000000) (0.000000 0.000000 633.525269)))
(0.085085 ((0.066801 -0.090918 0.000000) (0.000000 0.000000 641.811263)))
(0.086086 ((0.068898 -0.082372 0.000000) (0.000000 0.000000 649.738156)))
(0.087087 ((0.069906 -0.073631 0.000000) (0.000000 0.000000 657.301228)))
(0.088088 ((0.069809 -0.064832 0.000000) (0.000000 0.000000 664.500164)))
(0.089089 ((0.068609 -0.056114 0.000000) (0.000000 0.000000 671.338233)))
(0.090090 ((0.066325 -0.047617 0.000000) (0.000000 0.000000 677.821320)))
(0.091091 ((0.062993 -0.039472 0.000000) (0.000000 0.000000 683.956955)))
(0.092092 ((0.058665 -0.031811 0.000000) (0.000000 0.000000 689.753479)))
(0.093093 ((0.053410 -0.024752 0.000000) (0.000000 0.000000 695.219453)))
(0.094094 ((0.047312 -0.018409 0.000000) (0.000000 0.000000 700.363384)))
(0.095095 ((0.040465 -0.012881 0.000000) (0.000000 0.000000 705.193819)))
(0.096096 ((0.032980 -0.008256 0.000000) (0.000000 0.000000 709.719843)))
(0.097097 ((0.024973 -0.004606 0.000000) (0.000000 0.000000 713.952023)))
(0.098098 ((0.016571 -0.001990 0.000000) (0.000000 0.000000 717.903847)))
(0.099099 ((0.007908 -0.000448 0.000000) (0.000000 0.000000 721.593707)))
(0.100100 ((-0.000880 -0.000006 0.000000) (0.000000 0.000000 725.047450)))
(0.101101 ((-0.009655 -0.000669 0.000000) (0.000000 0.000000 728.301486)))
(0.102102 ((-0.018277 -0.002428 0.000000) (0.000000 0.000000 731.406301)))
(0.103103 ((-0.026610 -0.005255 0.000000) (0.000000 0.000000 734.430000)))
(0.104104 ((-0.034522 -0.009105 0.000000) (0.000000 0.000000 737.461170)))
(0.105105 ((-0.041889 -0.013917 0.000000) (0.000000 0.000000 740.609892)))
(0.106106 ((-0.048594 -0.019616 0.000000) (0.000000 0.000000 744.005321)))
(0.107107 ((-0.054532 -0.026110 0.000000) (0.000000 0.000000 747.788274)))
(0.108108 ((-0.059607 -0.033298 0.000000) (0.000000 0.000000 752.098155)))
(0.109109 ((-0.063741 -0.041067 0.000000) (0.000000 0.000000 757.055716)))
(0.110110 ((-0.066867 -0.049292 0.000000) (0.000000 0.000000 762.745949)))
(0.111111 ((-0.068937 -0.057845 0.000000) (0.000000 0.000000 769.206829)))
(0.112112 ((-0.069917 -0.066589 0.000000) (0.000000 0.000000 776.427953)))
(0.113113 ((-0.069792 -0.075388 0.000000) (0.000000 0.000000 784.358795)))
(0.114114 ((-0.068565 -0.084101 0.000000) (0.000000 0.000000 792.922368)))
(0.115115 ((-0.066254 -0.092592 0.000000) (0.000000 0.000000 802.029176)))
(0.116116 ((-0.062896 -0.100725 0.000000) (0.000000 0.000000 811.588051)))
(0.117117 ((-0.058545 -0.108374 0.000000) (0.000000 0.000000 821.512852)))
(0.118118 ((-0.053268 -0.115415 0.000000) (0.000000 0.000000 831.725628)))
(0.119119 ((-0.047149 -0.121739 0.000000) (0.000000 0.000000 842.157378)))
(0.120120 ((-0.040286 -0.127246 0.000000) (0.000000 0.000000 852.747449)))
(0.121121 ((-0.032785 -0.131848 0.000000) (0.000000 0.000000 863.442317)))
(0.122122 ((-0.024767 -0.135472 0.000000) (0.000000 0.000000 874.194189)))
(0.123123 ((-0.016357 -0.138062 0.000000) (0.000000 0.000000 884.959659)))
(0.124124 ((-0.007689 -0.139576 0.000000) (0.000000 0.000000 895.698547)))
(0.125125 ((0.001101 -0.139991 0.000000) (0.000000 0.000000 906.372945)))
(0.126126 ((0.009873 -0.139300 0.000000) (0.000000 0.000000 916.946515)))
(0.127127 ((0.018489 -0.137514 0.000000) (0.000000 0.000000 927.384039)))
(0.128128 ((0.026813 -0.134661 0.000000) (0.000000 0.000000 937.651234)))
(0.129129 ((0.034714 -0.130786 0.000000) (0.000000 0.000000 947.714838)))
(0.130130 ((0.042065 -0.125951 0.000000) (0.000000 0.000000 957.542964)))
(0.131131 ((0.048753 -0.120231 0.000000) (0.000000 0.000000 967.105688)))
(0.132132 ((0.054669 -0.113718 0.000000) (0.000000 0.000000 976.375810)))
(0.133133 ((0.059722 -0.106514 0.000000) (0.000000 0.000000 985.329682)))
(0.134134 ((0.063831 -0.098733 0.000000) (0.000000 0.000000 993.947969)))
(0.135135 ((0.066932 -0.090498 0.000000) (0.000000 0.000000 1002.216195)))
(0.136136 ((0.068974 -0.081939 0.000000) (0.000000 0.000000 1010.124969)))
(0.137137 ((0.069927 -0.073191 0.000000) (0.000000 0.000000 1017.669809)))
(0.138138 ((0.069775 -0.064393 0.000000) (0.000000 0.000000 1024.850598)))
(0.139139 ((0.068520 -0.055683 0.000000) (0.000000 0.000000 1031.670761)))
(0.140140 ((0.066183 -0.047200 0.000000) (0.000000 0.000000 1038.136287)))
(0.141141 ((0.062799 -0.039077 0.000000) (0.000000 0.000000 1044.254764)))
(0.142142 ((0.058424 -0.031443 0.000000) (0.000000 0.000000 1050.034557)))
(0.143143 ((0.053125 -0.024417 0.000000) (0.000000 0.000000 1055.484227)))
(0.144144 ((0.046986 -0.018113 0.000000) (0.000000 0.000000 1060.612279)))
(0.145145 ((0.040105 -0.012628 0.000000) (0.000000 0.000000 1065.427270)))
(0.146146 ((0.032591 -0.008050 0.000000) (0.000000 0.000000 1069.938333)))
(0.147147 ((0.024561 -0.004450 0.000000) (0.000000 0.000000 1074.156143)))
(0.148148 ((0.016143 -0.001887 0.000000) (0.000000 0.000000 1078.094382)))
(0.149149 ((0.007470 -0.000400 0.000000) (0.000000 0.000000 1081.771748)))
(0.150150 ((-0.001321 -0.000012 0.000000) (0.000000 0.000000 1085.214539)))
(0.151151 ((-0.010091 -0.000731 0.000000) (0.000000 0.000000 1088.459782)))
(0.152152 ((-0.018701 -0.002544 0.000000) (0.000000 0.000000 1091.558763)))
(0.153153 ((-0.027016 -0.005424 0.000000) (0.000000 0.000000 1094.580552)))
(0.154154 ((-0.034905 -0.009323 0.000000) (0.000000 0.000000 1097.614810)))
(0.155155 ((-0.042241 -0.014182 0.000000) (0.000000 0.000000 1100.772664)))
(0.156156 ((-0.048910 -0.019922 0.000000) (0.000000 0.000000 1104.184074)))
(0.157157 ((-0.054807 -0.026454 0.000000) (0.000000 0.000000 1107.990144)))
(0.158158 ((-0.059837 -0.033674 0.000000) (0.000000 0.000000 1112.329774)))
(0.159159 ((-0.063921 -0.041468 0.000000) (0.000000 0.000000 1117.322310)))
(0.160160 ((-0.066996 -0.049713 0.000000) (0.000000 0.000000 1123.050588)))
(0.161161 ((-0.069012 -0.058278 0.000000) (0.000000 0.000000 1129.550107)))
(0.162162 ((-0.069937 -0.067029 0.000000) (0.000000 0.000000 1136.808197)))
(0.163163 ((-0.069757 -0.075827 0.000000) (0.000000 0.000000 1144.772661)))
(0.164164 ((-0.068475 -0.084532 0.000000) (0.000000 0.000000 1153.365572)))
(0.165165 ((-0.066111 -0.093008 0.000000) (0.000000 0.000000 1162.497127)))
(0.166166 ((-0.062702 -0.101120 0.000000) (0.000000 0.000000 1172.076284)))
(0.167167 ((-0.058302 -0.108741 0.000000) (0.000000 0.000000 1182.017261)))
(0.168168 ((-0.052981 -0.115749 0.000000) (0.000000 0.000000 1192.242551)))
(0.169169 ((-0.046823 -0.122035 0.000000) (0.000000 0.000000 1202.683593)))
(0.170170 ((-0.039925 -0.127498 0.000000) (0.000000 0.000000 1213.280122)))
(0.171171 ((-0.032396 -0.132053 0.000000) (0.000000 0.000000 1223.978934)))
(0.172172 ((-0.024355 -0.135627 0.000000) (0.000000 0.000000 1234.732485)))
(0.173173 ((-0.015929 -0.138164 0.000000) (0.000000 0.000000 1245.497558)))
(0.174174 ((-0.007251 -0.139623 0.000000) (0.000000 0.000000 1256.234106)))
(0.175175 ((0.001541 -0.139983 0.000000) (0.000000 0.000000 1266.904315)))
(0.176176 ((0.010308 -0.139237 0.000000) (0.000000 0.000000 1277.471911)))
(0.177177 ((0.018913 -0.137396 0.000000) (0.000000 0.000000 1287.901725)))
(0.178178 ((0.027219 -0.134491 0.000000) (0.000000 0.000000 1298.159521)))
(0.179179 ((0.035095 -0.130567 0.000000) (0.000000 0.000000 1308.212095)))
(0.180180 ((0.042416 -0.125685 0.000000) (0.000000 0.000000 1318.027642)))
(0.181181 ((0.049068 -0.119924 0.000000) (0.000000 0.000000 1327.576356)))
(0.182182 ((0.054943 -0.113373 0.000000) (0.000000 0.000000 1336.831194)))
(0.183183 ((0.059951 -0.106138 0.000000) (0.000000 0.000000 1345.768708)))
(0.184184 ((0.064011 -0.098331 0.000000) (0.000000 0.000000 1354.369793)))
(0.185185 ((0.067059 -0.090076 0.000000) (0.000000 0.000000 1362.620228)))
(0.186186 ((0.069048 -0.081505 0.000000) (0.000000 0.000000 1370.510872)))
(0.187187 ((0.069946 -0.072751 0.000000) (0.000000 0.000000 1378.037479)))
(0.188188 ((0.069738 -0.063954 0.000000) (0.000000 0.000000 1385.200130)))
(0.189189 ((0.068429 -0.055253 0.000000) (0.000000 0.000000 1392.002402)))
(0.190190 ((0.066038 -0.046784 0.000000) (0.000000 0.000000 1398.450386)))
(0.191191 ((0.062604 -0.038683 0.000000) (0.000000 0.000000 1404.551727)))
(0.192192 ((0.058180 -0.031076 0.000000) (0.000000 0.000000 1410.314810)))
(0.193193 ((0.052837 -0.024084 0.000000) (0.000000 0.000000 1415.748198)))
(0.194194 ((0.046659 -0.017818 0.000000) (0.000000 0.000000 1420.860391)))
(0.195195 ((0.039744 -0.012377 0.000000) (0.000000 0.000000 1425.659961)))
(0.196196 ((0.032200 -0.007846 0.000000) (0.000000 0.000000 1430.156090)))
(0.197197 ((0.024148 -0.004297 0.000000) (0.000000 0.000000 1434.359564)))
(0.198198 ((0.015714 -0.001787 0.000000) (0.000000 0.000000 1438.284263)))
(0.199199 ((0.007032 -0.000354 0.000000) (0.000000 0.000000 1441.949200)))
(0.200200 ((-0.001761 -0.000022 0.000000) (0.000000 0.000000 1445.381130)))
(0.201201 ((-0.010526 -0.000796 0.000000) (0.000000 0.000000 1448.617708)))
(0.202202 ((-0.019125 -0.002663 0.000000) (0.000000 0.000000 1451.711027)))
(0.203203 ((-0.027422 -0.005595 0.000000) (0.000000 0.000000 1454.731131)))
(0.204204 ((-0.035285 -0.009544 0.000000) (0.000000 0.000000 1457.768755)))
(0.205205 ((-0.042591 -0.014448 0.000000) (0.000000 0.000000 1460.936067)))
(0.206206 ((-0.049224 -0.020231 0.000000) (0.000000 0.000000 1464.363814)))
(0.207207 ((-0.055079 -0.026800 0.000000) (0.000000 0.000000 1468.193352)))
(0.208208 ((-0.060064 -0.034051 0.000000) (0.000000 0.000000 1472.563032)))
(0.209209 ((-0.064099 -0.041871 0.000000) (0.000000 0.000000 1477.590752)))
(0.210210 ((-0.067122 -0.050135 0.000000) (0.000000 0.000000 1483.357165)))
(0.211211 ((-0.069084 -0.058713 0.000000) (0.000000 0.000000 1489.895290)))
(0.212212 ((-0.069954 -0.067469 0.000000) (0.000000 0.000000 1497.190212)))
(0.213213 ((-0.069719 -0.076265 0.000000) (0.000000 0.000000 1505.188100)))
(0.214214 ((-0.068382 -0.084963 0.000000) (0.000000 0.000000 1513.810123)))
(0.215215 ((-0.065965 -0.093423 0.000000) (0.000000 0.000000 1522.966196)))
(0.216216 ((-0.062505 -0.101514 0.000000) (0.000000 0.000000 1532.565420)))
(0.217217 ((-0.058057 -0.109107 0.000000) (0.000000 0.000000 1542.522379)))
(0.218218 ((-0.052692 -0.116082 0.000000) (0.000000 0.000000 1552.760012)))
(0.219219 ((-0.046495 -0.122328 0.000000) (0.000000 0.000000 1563.210195)))
(0.220220 ((-0.039562 -0.127748 0.000000) (0.000000 0.000000 1573.813049)))
(0.221221 ((-0.032005 -0.132255 0.000000) (0.000000 0.000000 1584.515686)))
(0.222222 ((-0.023941 -0.135778 0.000000) (0.000000 0.000000 1595.270809)))
(0.223223 ((-0.015500 -0.138262 0.000000) (0.000000 0.000000 1606.035385)))
(0.224224 ((-0.006813 -0.139668 0.000000) (0.000000 0.000000 1616.769499)))
(0.225225 ((0.001981 -0.139972 0.000000) (0.000000 0.000000 1627.435428)))
(0.226226 ((0.010744 -0.139171 0.000000) (0.000000 0.000000 1637.996963)))
(0.227227 ((0.019337 -0.137276 0.000000) (0.000000 0.000000 1648.418981)))
(0.228228 ((0.027624 -0.134319 0.000000) (0.000000 0.000000 1658.667295)))
(0.229229 ((0.035475 -0.130345 0.000000) (0.000000 0.000000 1668.708758)))
(0.230230 ((0.042766 -0.125417 0.000000) (0.000000 0.000000 1678.511652)))
(0.231231 ((0.049381 -0.119614 0.000000) (0.000000 0.000000 1688.046288)))
(0.232232 ((0.055215 -0.113027 0.000000) (0.000000 0.000000 1697.285784)))
(0.233233 ((0.060177 -0.105760 0.000000) (0.000000 0.000000 1706.206891)))
(0.234234 ((0.064188 -0.097928 0.000000) (0.000000 0.000000 1714.790739)))
(0.235235 ((0.067184 -0.089654 0.000000) (0.000000 0.000000 1723.023359)))
(0.236236 ((0.069119 -0.081070 0.000000) (0.000000 0.000000 1730.895864)))
(0.237237 ((0.069962 -0.072311 0.000000) (0.000000 0.000000 1738.404238)))
(0.238238 ((0.069699 -0.063516 0.000000) (0.000000 0.000000 1745.548760)))
(0.239239 ((0.068335 -0.054822 0.000000) (0.000000 0.000000 1752.333156)))
(0.240240 ((0.065891 -0.046369 0.000000) (0.000000 0.000000 1758.763618)))
(0.241241 ((0.062405 -0.038289 0.000000) (0.000000 0.000000 1764.847843)))
(0.242242 ((0.057934 -0.030711 0.000000) (0.000000 0.000000 1770.594239)))
(0.243243 ((0.052547 -0.023753 0.000000) (0.000000 0.000000 1776.011366)))
(0.244244 ((0.046330 -0.017526 0.000000) (0.000000 0.000000 1781.107722)))
(0.245245 ((0.039381 -0.012128 0.000000) (0.000000 0.000000 1785.891893)))
(0.246246 ((0.031809 -0.007645 0.000000) (0.000000 0.000000 1790.373114)))
(0.247247 ((0.023735 -0.004147 0.000000) (0.000000 0.000000 1794.562286)))
(0.248248 ((0.015285 -0.001689 0.000000) (0.000000 0.000000 1798.473493)))
(0.249249 ((0.006594 -0.000311 0.000000) (0.000000 0.000000 1802.126067)))
(0.250250 ((-0.002201 -0.000035 0.000000) (0.000000 0.000000 1805.547230)))
(0.251251 ((-0.010961 -0.000864 0.000000) (0.000000 0.000000 1808.775273)))
(0.252252 ((-0.019548 -0.002785 0.000000) (0.000000 0.000000 1811.863104)))
(0.253253 ((-0.027827 -0.005769 0.000000) (0.000000 0.000000 1814.881750)))
(0.254254 ((-0.035665 -0.009767 0.000000) (0.000000 0.000000 1817.923021)))
(0.255255 ((-0.042940 -0.014717 0.000000) (0.000000 0.000000 1821.100119)))
(0.256256 ((-0.049536 -0.020541 0.000000) (0.000000 0.000000 1824.544559)))
(0.257257 ((-0.055350 -0.027147 0.000000) (0.000000 0.000000 1828.397914)))
(0.258258 ((-0.060289 -0.034430 0.000000) (0.000000 0.000000 1832.797944)))
(0.259259 ((-0.064275 -0.042274 0.000000) (0.000000 0.000000 1837.861052)))
(0.260260 ((-0.067246 -0.050557 0.000000) (0.000000 0.000000 1843.665681)))
(0.261261 ((-0.069154 -0.059147 0.000000) (0.000000 0.000000 1850.242373)))
(0.262262 ((-0.069969 -0.067909 0.000000) (0.000000 0.000000 1857.573989)))
(0.263263 ((-0.069678 -0.076704 0.000000) (0.000000 0.000000 1865.605102)))
(0.264264 ((-0.068287 -0.085392 0.000000) (0.000000 0.000000 1874.256009)))
(0.265265 ((-0.065816 -0.093838 0.000000) (0.000000 0.000000 1883.436372)))
(0.266266 ((-0.062305 -0.101907 0.000000) (0.000000 0.000000 1893.055449)))
(0.267267 ((-0.057810 -0.109471 0.000000) (0.000000 0.000000 1903.028196)))
(0.268268 ((-0.052401 -0.116412 0.000000) (0.000000 0.000000 1913.278002)))
(0.269269 ((-0.046165 -0.122620 0.000000) (0.000000 0.000000 1923.737177)))
(0.270270 ((-0.039198 -0.127996 0.000000) (0.000000 0.000000 1934.346224)))
(0.271271 ((-0.031613 -0.132455 0.000000) (0.000000 0.000000 1945.052568)))
(0.272272 ((-0.023527 -0.135928 0.000000) (0.000000 0.000000 1955.809156)))
(0.273273 ((-0.015070 -0.138359 0.000000) (0.000000 0.000000 1966.573135)))
(0.274274 ((-0.006375 -0.139709 0.000000) (0.000000 0.000000 1977.304721)))
(0.275275 ((0.002421 -0.139958 0.000000) (0.000000 0.000000 1987.966280)))
(0.276276 ((0.011179 -0.139102 0.000000) (0.000000 0.000000 1998.521665)))
(0.277277 ((0.019760 -0.137153 0.000000) (0.000000 0.000000 2008.935803)))
(0.278278 ((0.028028 -0.134144 0.000000) (0.000000 0.000000 2019.174551)))
(0.279279 ((0.035854 -0.130120 0.000000) (0.000000 0.000000 2029.204825)))
(0.280280 ((0.043114 -0.125147 0.000000) (0.000000 0.000000 2038.994991)))
(0.281281 ((0.049692 -0.119303 0.000000) (0.000000 0.000000 2048.515482)))
(0.282282 ((0.055484 -0.112679 0.000000) (0.000000 0.000000 2057.739577)))
(0.283283 ((0.060400 -0.105381 0.000000) (0.000000 0.000000 2066.644230)))
(0.284284 ((0.064362 -0.097523 0.000000) (0.000000 0.000000 2075.210806)))
(0.285285 ((0.067306 -0.089231 0.000000) (0.000000 0.000000 2083.425590)))
(0.286286 ((0.069187 -0.080635 0.000000) (0.000000 0.000000 2091.279945)))
(0.287287 ((0.069975 -0.071871 0.000000) (0.000000 0.000000 2098.770087)))
(0.288288 ((0.069657 -0.063077 0.000000) (0.000000 0.000000 2105.896490)))
(0.289289 ((0.068238 -0.054393 0.000000) (0.000000 0.000000 2112.663026)))
(0.290290 ((0.065741 -0.045955 0.000000) (0.000000 0.000000 2119.075984)))
(0.291291 ((0.062205 -0.037898 0.000000) (0.000000 0.000000 2125.143115)))
(0.292292 ((0.057686 -0.030347 0.000000) (0.000000 0.000000 2130.872844)))
(0.293293 ((0.052255 -0.023423 0.000000) (0.000000 0.000000 2136.273731)))
(0.294294 ((0.045999 -0.017235 0.000000) (0.000000 0.000000 2141.354272)))
(0.295295 ((0.039016 -0.011881 0.000000) (0.000000 0.000000 2146.123068)))
(0.296296 ((0.031416 -0.007446 0.000000) (0.000000 0.000000 2150.589408)))
(0.297297 ((0.023320 -0.003999 0.000000) (0.000000 0.000000 2154.764312)))
(0.298298 ((0.014855 -0.001594 0.000000) (0.000000 0.000000 2158.662075)))
(0.299299 ((0.006156 -0.000271 0.000000) (0.000000 0.000000 2162.302354)))
(0.300300 ((-0.002641 -0.000050 0.000000) (0.000000 0.000000 2165.712844)))
(0.301301 ((-0.011396 -0.000934 0.000000) (0.000000 0.000000 2168.932483)))
(0.302302 ((-0.019971 -0.002909 0.000000) (0.000000 0.000000 2172.015004)))
(0.303303 ((-0.028230 -0.005945 0.000000) (0.000000 0.000000 2175.032420)))
(0.304304 ((-0.036043 -0.009993 0.000000) (0.000000 0.000000 2178.077622)))
(0.305305 ((-0.043287 -0.014989 0.000000) (0.000000 0.000000 2181.264836)))
(0.306306 ((-0.049846 -0.020854 0.000000) (0.000000 0.000000 2184.726327)))
(0.307307 ((-0.055618 -0.027496 0.000000) (0.000000 0.000000 2188.603847)))
(0.308308 ((-0.060511 -0.034809 0.000000) (0.000000 0.000000 2193.034522)))
(0.309309 ((-0.064448 -0.042679 0.000000) (0.000000 0.000000 2198.133216)))
(0.310310 ((-0.067367 -0.050981 0.000000) (0.000000 0.000000 2203.976138)))
(0.311311 ((-0.069220 -0.059582 0.000000) (0.000000 0.000000 2210.591351)))
(0.312312 ((-0.069981 -0.068349 0.000000) (0.000000 0.000000 2217.959521)))
(0.313313 ((-0.069635 -0.077142 0.000000) (0.000000 0.000000 2226.023656)))
(0.314314 ((-0.068189 -0.085822 0.000000) (0.000000 0.000000 2234.703218)))
(0.315315 ((-0.065665 -0.094251 0.000000) (0.000000 0.000000 2243.907643)))
(0.316316 ((-0.062104 -0.102298 0.000000) (0.000000 0.000000 2253.546360)))
(0.317317 ((-0.057561 -0.109834 0.000000) (0.000000 0.000000 2263.534705)))
(0.318318 ((-0.052109 -0.116741 0.000000) (0.000000 0.000000 2273.796514)))
(0.319319 ((-0.045833 -0.122909 0.000000) (0.000000 0.000000 2284.264533)))
(0.320320 ((-0.038833 -0.128241 0.000000) (0.000000 0.000000 2294.879642)))
(0.321321 ((-0.031219 -0.132653 0.000000) (0.000000 0.000000 2305.589576)))
(0.322322 ((-0.023112 -0.136074 0.000000) (0.000000 0.000000 2316.347521)))
(0.323323 ((-0.014640 -0.138452 0.000000) (0.000000 0.000000 2327.110804)))
(0.324324 ((-0.005937 -0.139748 0.000000) (0.000000 0.000000 2337.839768)))
(0.325325 ((0.002861 -0.139942 0.000000) (0.000000 0.000000 2348.496867)))
(0.326326 ((0.011613 -0.139030 0.000000) (0.000000 0.000000 2359.046014)))
(0.327327 ((0.020182 -0.137028 0.000000) (0.000000 0.000000 2369.452185)))
(0.328328 ((0.028431 -0.133966 0.000000) (0.000000 0.000000 2379.681285)))
(0.329329 ((0.036232 -0.129894 0.000000) (0.000000 0.000000 2389.700292)))
(0.330330 ((0.043460 -0.124875 0.000000) (0.000000 0.000000 2399.477656)))
(0.331331 ((0.050001 -0.118989 0.000000) (0.000000 0.000000 2408.983934)))
(0.332332 ((0.055752 -0.112329 0.000000) (0.000000 0.000000 2418.192570)))
(0.333333 ((0.060622 -0.105000 0.000000) (0.000000 0.000000 2427.080722)))
(0.334334 ((0.064534 -0.097118 0.000000) (0.000000 0.000000 2435.629993)))
(0.335335 ((0.067426 -0.088808 0.000000) (0.000000 0.000000 2443.826918)))
(0.336336 ((0.069253 -0.080200 0.000000) (0.000000 0.000000 2451.663114)))
(0.337337 ((0.069985 -0.071431 0.000000) (0.000000 0.000000 2459.135026)))
(0.338338 ((0.069612 -0.062639 0.000000) (0.000000 0.000000 2466.243320)))
(0.339339 ((0.068138 -0.053964 0.000000) (0.000000 0.000000 2472.992011)))
(0.340340 ((0.065588 -0.045542 0.000000) (0.000000 0.000000 2479.387485)))
(0.341341 ((0.062002 -0.037507 0.000000) (0.000000 0.000000 2485.437544)))
(0.342342 ((0.057435 -0.029985 0.000000) (0.000000 0.000000 2491.150628)))
(0.343343 ((0.051961 -0.023096 0.000000) (0.000000 0.000000 2496.535296)))
(0.344344 ((0.045666 -0.016947 0.000000) (0.000000 0.000000 2501.600043)))
(0.345345 ((0.038649 -0.011637 0.000000) (0.000000 0.000000 2506.353485)))
(0.346346 ((0.031022 -0.007249 0.000000) (0.000000 0.000000 2510.804972)))
(0.347347 ((0.022904 -0.003853 0.000000) (0.000000 0.000000 2514.965645)))
(0.348348 ((0.014425 -0.001502 0.000000) (0.000000 0.000000 2518.850011)))
(0.349349 ((0.005717 -0.000234 0.000000) (0.000000 0.000000 2522.478063)))
(0.350350 ((-0.003081 -0.000068 0.000000) (0.000000 0.000000 2525.877978)))
(0.351351 ((-0.011830 -0.001007 0.000000) (0.000000 0.000000 2529.089346)))
(0.352352 ((-0.020392 -0.003036 0.000000) (0.000000 0.000000 2532.166736)))
(0.353353 ((-0.028632 -0.006124 0.000000) (0.000000 0.000000 2535.183155)))
(0.354354 ((-0.036420 -0.010220 0.000000) (0.000000 0.000000 2538.232574)))
(0.355355 ((-0.043632 -0.015262 0.000000) (0.000000 0.000000 2541.430238)))
(0.356356 ((-0.050154 -0.021168 0.000000) (0.000000 0.000000 2544.909136)))
(0.357357 ((-0.055885 -0.027846 0.000000) (0.000000 0.000000 2548.811168)))
(0.358358 ((-0.060731 -0.035191 0.000000) (0.000000 0.000000 2553.272778)))
(0.359359 ((-0.064619 -0.043085 0.000000) (0.000000 0.000000 2558.407251)))
(0.360360 ((-0.067485 -0.051405 0.000000) (0.000000 0.000000 2564.288535)))
(0.361361 ((-0.069285 -0.060018 0.000000) (0.000000 0.000000 2570.942220)))
(0.362362 ((-0.069990 -0.068789 0.000000) (0.000000 0.000000 2578.346797)))
(0.363363 ((-0.069588 -0.077579 0.000000) (0.000000 0.000000 2586.443750)))
(0.364364 ((-0.068088 -0.086250 0.000000) (0.000000 0.000000 2595.151740)))
(0.365365 ((-0.065511 -0.094664 0.000000) (0.000000 0.000000 2604.379999)))
(0.366366 ((-0.061899 -0.102688 0.000000) (0.000000 0.000000 2614.038143)))
(0.367367 ((-0.057309 -0.110195 0.000000) (0.000000 0.000000 2624.041895)))
(0.368368 ((-0.051814 -0.117068 0.000000) (0.000000 0.000000 2634.315540)))
(0.369369 ((-0.045499 -0.123196 0.000000) (0.000000 0.000000 2644.792255)))
(0.370370 ((-0.038466 -0.128484 0.000000) (0.000000 0.000000 2655.413296)))
(0.371371 ((-0.030825 -0.132848 0.000000) (0.000000 0.000000 2666.126702)))
(0.372372 ((-0.022696 -0.136218 0.000000) (0.000000 0.000000 2676.885898)))
(0.373373 ((-0.014209 -0.138543 0.000000) (0.000000 0.000000 2687.648387)))
(0.374374 ((-0.005498 -0.139784 0.000000) (0.000000 0.000000 2698.374635)))
(0.375375 ((0.003301 -0.139922 0.000000) (0.000000 0.000000 2709.027183)))
(0.376376 ((0.012047 -0.138956 0.000000) (0.000000 0.000000 2719.570005)))
(0.377377 ((0.020603 -0.136899 0.000000) (0.000000 0.000000 2729.968125)))
(0.378378 ((0.028833 -0.133786 0.000000) (0.000000 0.000000 2740.187495)))
(0.379379 ((0.036608 -0.129665 0.000000) (0.000000 0.000000 2750.195153)))
(0.380380 ((0.043804 -0.124601 0.000000) (0.000000 0.000000 2759.959642)))
(0.381381 ((0.050308 -0.118674 0.000000) (0.000000 0.000000 2769.451641)))
(0.382382 ((0.056017 -0.111978 0.000000) (0.000000 0.000000 2778.644761)))
(0.383383 ((0.060841 -0.104618 0.000000) (0.000000 0.000000 2787.516367)))
(0.384384 ((0.064703 -0.096712 0.000000) (0.000000 0.000000 2796.048297)))
(0.385385 ((0.067543 -0.088383 0.000000) (0.000000 0.000000 2804.227344)))
(0.386386 ((0.069316 -0.079764 0.000000) (0.000000 0.000000 2812.045372)))
(0.387387 ((0.069993 -0.070991 0.000000) (0.000000 0.000000 2819.499055)))
(0.388388 ((0.069564 -0.062202 0.000000) (0.000000 0.000000 2826.589250)))
(0.389389 ((0.068036 -0.053536 0.000000) (0.000000 0.000000 2833.320113)))
(0.390390 ((0.065433 -0.045130 0.000000) (0.000000 0.000000 2839.698123)))
(0.391391 ((0.061796 -0.037118 0.000000) (0.000000 0.000000 2845.731130)))
(0.392392 ((0.057182 -0.029625 0.000000) (0.000000 0.000000 2851.427590)))
(0.393393 ((0.051665 -0.022770 0.000000) (0.000000 0.000000 2856.796061)))
(0.394394 ((0.045332 -0.016661 0.000000) (0.000000 0.000000 2861.845035)))
(0.395395 ((0.038282 -0.011395 0.000000) (0.000000 0.000000 2866.583148)))
(0.396396 ((0.030627 -0.007056 0.000000) (0.000000 0.000000 2871.019808)))
(0.397397 ((0.022488 -0.003711 0.000000) (0.000000 0.000000 2875.166286)))
(0.398398 ((0.013994 -0.001413 0.000000) (0.000000 0.000000 2879.037305)))
(0.399399 ((0.005278 -0.000199 0.000000) (0.000000 0.000000 2882.653200)))
(0.400400 ((-0.003520 -0.000089 0.000000) (0.000000 0.000000 2886.042638)))
(0.401401 ((-0.012264 -0.001083 0.000000) (0.000000 0.000000 2889.245871)))
(0.402402 ((-0.020813 -0.003166 0.000000) (0.000000 0.000000 2892.318312)))
(0.403403 ((-0.029033 -0.006305 0.000000) (0.000000 0.000000 2895.333969)))
(0.404404 ((-0.036795 -0.010451 0.000000) (0.000000 0.000000 2898.387893)))
(0.405405 ((-0.043975 -0.015537 0.000000) (0.000000 0.000000 2901.596340)))
(0.406406 ((-0.050461 -0.021485 0.000000) (0.000000 0.000000 2905.093004)))
(0.407407 ((-0.056149 -0.028199 0.000000) (0.000000 0.000000 2909.019893)))
(0.408408 ((-0.060949 -0.035573 0.000000) (0.000000 0.000000 2913.512724)))
(0.409409 ((-0.064787 -0.043492 0.000000) (0.000000 0.000000 2918.683163)))
(0.410410 ((-0.067600 -0.051829 0.000000) (0.000000 0.000000 2924.602874)))
(0.411411 ((-0.069346 -0.060454 0.000000) (0.000000 0.000000 2931.294974)))
(0.412412 ((-0.069996 -0.069229 0.000000) (0.000000 0.000000 2938.735808)))
(0.413413 ((-0.069539 -0.078017 0.000000) (0.000000 0.000000 2946.865373)))
(0.414414 ((-0.067984 -0.086678 0.000000) (0.000000 0.000000 2955.601562)))
(0.415415 ((-0.065355 -0.095075 0.000000) (0.000000 0.000000 2964.853428)))
(0.416416 ((-0.061692 -0.103076 0.000000) (0.000000 0.000000 2974.530788)))
(0.417417 ((-0.057055 -0.110555 0.000000) (0.000000 0.000000 2984.549758)))
(0.418418 ((-0.051516 -0.117393 0.000000) (0.000000 0.000000 2994.835072)))
(0.419419 ((-0.045164 -0.123481 0.000000) (0.000000 0.000000 3005.320336)))
(0.420420 ((-0.038097 -0.128725 0.000000) (0.000000 0.000000 3015.947179)))
(0.421421 ((-0.030429 -0.133040 0.000000) (0.000000 0.000000 3026.663942)))
(0.422422 ((-0.022279 -0.136360 0.000000) (0.000000 0.000000 3037.424283)))
(0.423423 ((-0.013778 -0.138631 0.000000) (0.000000 0.000000 3048.185878)))
(0.424424 ((-0.005059 -0.139817 0.000000) (0.000000 0.000000 3058.909317)))
(0.425425 ((0.003740 -0.139900 0.000000) (0.000000 0.000000 3069.557224)))
(0.426426 ((0.012480 -0.138878 0.000000) (0.000000 0.000000 3080.093635)))
(0.427427 ((0.021023 -0.136769 0.000000) (0.000000 0.000000 3090.483618)))
(0.428428 ((0.029234 -0.133603 0.000000) (0.000000 0.000000 3100.693174)))
(0.429429 ((0.036982 -0.129433 0.000000) (0.000000 0.000000 3110.689407)))
(0.430430 ((0.044146 -0.124324 0.000000) (0.000000 0.000000 3120.440946)))
(0.431431 ((0.050613 -0.118356 0.000000) (0.000000 0.000000 3129.918600)))
(0.432432 ((0.056280 -0.111624 0.000000) (0.000000 0.000000 3139.096147)))
(0.433433 ((0.061057 -0.104235 0.000000) (0.000000 0.000000 3147.951161)))
(0.434434 ((0.064870 -0.096304 0.000000) (0.000000 0.000000 3156.465719)))
(0.435435 ((0.067657 -0.087958 0.000000) (0.000000 0.000000 3164.626865)))
(0.436436 ((0.069376 -0.079328 0.000000) (0.000000 0.000000 3172.426717)))
(0.437437 ((0.069998 -0.070551 0.000000) (0.000000 0.000000 3179.862175)))
(0.438438 ((0.069514 -0.061764 0.000000) (0.000000 0.000000 3186.934281)))
(0.439439 ((0.067931 -0.053108 0.000000) (0.000000 0.000000 3193.647333)))
(0.440440 ((0.065275 -0.044719 0.000000) (0.000000 0.000000 3200.007898)))
(0.441441 ((0.061588 -0.036730 0.000000) (0.000000 0.000000 3206.023875)))
(0.442442 ((0.056927 -0.029266 0.000000) (0.000000 0.000000 3211.703732)))
(0.443443 ((0.051367 -0.022446 0.000000) (0.000000 0.000000 3217.056027)))
(0.444444 ((0.044995 -0.016377 0.000000) (0.000000 0.000000 3222.089250)))
(0.445445 ((0.037912 -0.011156 0.000000) (0.000000 0.000000 3226.812057)))
(0.446446 ((0.030230 -0.006864 0.000000) (0.000000 0.000000 3231.233919)))
(0.447447 ((0.022071 -0.003570 0.000000) (0.000000 0.000000 3235.366237)))
(0.448448 ((0.013562 -0.001326 0.000000) (0.000000 0.000000 3239.223960)))
(0.449449 ((0.004839 -0.000167 0.000000) (0.000000 0.000000 3242.827769)))
(0.450450 ((-0.003960 -0.000112 0.000000) (0.000000 0.000000 3246.206829)))
(0.451451 ((-0.012697 -0.001161 0.000000) (0.000000 0.000000 3249.402065)))
(0.452452 ((-0.021233 -0.003298 0.000000) (0.000000 0.000000 3252.469741)))
(0.453453 ((-0.029433 -0.006489 0.000000) (0.000000 0.000000 3255.484873)))
(0.454454 ((-0.037169 -0.010683 0.000000) (0.000000 0.000000 3258.543594)))
(0.455455 ((-0.044317 -0.015815 0.000000) (0.000000 0.000000 3261.763162)))
(0.456456 ((-0.050765 -0.021803 0.000000) (0.000000 0.000000 3265.277949)))
(0.457457 ((-0.056410 -0.028553 0.000000) (0.000000 0.000000 3269.230038)))
(0.458458 ((-0.061164 -0.035957 0.000000) (0.000000 0.000000 3273.754373)))
(0.459459 ((-0.064952 -0.043900 0.000000) (0.000000 0.000000 3278.960959)))
(0.460460 ((-0.067713 -0.052255 0.000000) (0.000000 0.000000 3284.919153)))
(0.461461 ((-0.069405 -0.060890 0.000000) (0.000000 0.000000 3291.649607)))
(0.462462 ((-0.069999 -0.069670 0.000000) (0.000000 0.000000 3299.126547)))
(0.463463 ((-0.069488 -0.078454 0.000000) (0.000000 0.000000 3307.288515)))
(0.464464 ((-0.067878 -0.087105 0.000000) (0.000000 0.000000 3316.052673)))
(0.465465 ((-0.065196 -0.095486 0.000000) (0.000000 0.000000 3325.327920)))
(0.466466 ((-0.061483 -0.103464 0.000000) (0.000000 0.000000 3335.024286)))
(0.467467 ((-0.056799 -0.110913 0.000000) (0.000000 0.000000 3345.058285)))
(0.468468 ((-0.051217 -0.117716 0.000000) (0.000000 0.000000 3355.355102)))
(0.469469 ((-0.044826 -0.123764 0.000000) (0.000000 0.000000 3365.848770)))
(0.470470 ((-0.037727 -0.128963 0.000000) (0.000000 0.000000 3376.481286)))
(0.471471 ((-0.030032 -0.133231 0.000000) (0.000000 0.000000 3387.201290)))
(0.472472 ((-0.021862 -0.136499 0.000000) (0.000000 0.000000 3397.962671)))
(0.473473 ((-0.013346 -0.138716 0.000000) (0.000000 0.000000 3408.723274)))
(0.474474 ((-0.004620 -0.139847 0.000000) (0.000000 0.000000 3419.443810)))
(0.475475 ((0.004180 -0.139875 0.000000) (0.000000 0.000000 3430.086987)))
(0.476476 ((0.012913 -0.138799 0.000000) (0.000000 0.000000 3440.616898)))
(0.477477 ((0.021442 -0.136635 0.000000) (0.000000 0.000000 3450.998659)))
(0.478478 ((0.029633 -0.133418 0.000000) (0.000000 0.000000 3461.198320)))
(0.479479 ((0.037355 -0.129200 0.000000) (0.000000 0.000000 3471.183048)))
(0.480480 ((0.044487 -0.124045 0.000000) (0.000000 0.000000 3480.921565)))
(0.481481 ((0.050916 -0.118037 0.000000) (0.000000 0.000000 3490.384808)))
(0.482482 ((0.056540 -0.111270 0.000000) (0.000000 0.000000 3499.546726)))
(0.483483 ((0.061271 -0.103850 0.000000) (0.000000 0.000000 3508.385103)))
(0.484484 ((0.065034 -0.095896 0.000000) (0.000000 0.000000 3516.882256)))
(0.485485 ((0.067769 -0.087532 0.000000) (0.000000 0.000000 3525.025483)))
(0.486486 ((0.069433 -0.078891 0.000000) (0.000000 0.000000 3532.807151)))
(0.487487 ((0.070000 -0.070110 0.000000) (0.000000 0.000000 3540.224386)))
(0.488488 ((0.069461 -0.061327 0.000000) (0.000000 0.000000 3547.278414)))
(0.489489 ((0.067824 -0.052681 0.000000) (0.000000 0.000000 3553.973671)))
(0.490490 ((0.065115 -0.044309 0.000000) (0.000000 0.000000 3560.316812)))
(0.491491 ((0.061378 -0.036343 0.000000) (0.000000 0.000000 3566.315779)))
(0.492492 ((0.056670 -0.028909 0.000000) (0.000000 0.000000 3571.979056)))
(0.493493 ((0.051067 -0.022124 0.000000) (0.000000 0.000000 3577.315196)))
(0.494494 ((0.044657 -0.016095 0.000000) (0.000000 0.000000 3582.332689)))
(0.495495 ((0.037542 -0.010918 0.000000) (0.000000 0.000000 3587.040212)))
(0.496496 ((0.029833 -0.006675 0.000000) (0.000000 0.000000 3591.447305)))
(0.497497 ((0.021652 -0.003433 0.000000) (0.000000 0.000000 3595.565500)))
(0.498498 ((0.013130 -0.001242 0.000000) (0.000000 0.000000 3599.409978)))
(0.499499 ((0.004400 -0.000138 0.000000) (0.000000 0.000000 3603.001773)))
(0.500501 ((-0.004400 -0.000138 0.000000) (0.000000 0.000000 3606.370557)))
(0.501502 ((-0.013129 -0.001242 0.000000) (0.000000 0.000000 3609.557936)))
(0.502503 ((-0.021652 -0.003433 0.000000) (0.000000 0.000000 3612.621035)))
(0.503504 ((-0.029832 -0.006675 0.000000) (0.000000 0.000000 3615.635882)))
(0.504505 ((-0.037541 -0.010918 0.000000) (0.000000 0.000000 3618.699694)))
(0.505506 ((-0.044657 -0.016095 0.000000) (0.000000 0.000000 3621.930719)))
(0.506507 ((-0.051067 -0.022123 0.000000) (0.000000 0.000000 3625.463988)))
(0.507508 ((-0.056670 -0.028908 0.000000) (0.000000 0.000000 3629.441618)))
(0.508509 ((-0.061377 -0.036343 0.000000) (0.000000 0.000000 3633.997736)))
(0.509510 ((-0.065115 -0.044309 0.000000) (0.000000 0.000000 3639.240644)))
(0.510511 ((-0.067824 -0.052681 0.000000) (0.000000 0.000000 3645.237373)))
(0.511512 ((-0.069461 -0.061327 0.000000) (0.000000 0.000000 3652.006114)))
(0.512513 ((-0.070000 -0.070110 0.000000) (0.000000 0.000000 3659.519002)))
(0.513514 ((-0.069433 -0.078891 0.000000) (0.000000 0.000000 3667.713164)))
(0.514515 ((-0.067769 -0.087532 0.000000) (0.000000 0.000000 3676.505062)))
(0.515516 ((-0.065034 -0.095895 0.000000) (0.000000 0.000000 3685.803462)))
(0.516517 ((-0.061271 -0.103850 0.000000) (0.000000 0.000000 3695.518625)))
(0.517518 ((-0.056541 -0.111269 0.000000) (0.000000 0.000000 3705.567467)))
(0.518519 ((-0.050916 -0.118037 0.000000) (0.000000 0.000000 3715.875623)))
(0.519520 ((-0.044487 -0.124045 0.000000) (0.000000 0.000000 3726.377550)))
(0.520521 ((-0.037356 -0.129199 0.000000) (0.000000 0.000000 3737.015611)))
(0.521522 ((-0.029633 -0.133418 0.000000) (0.000000 0.000000 3747.738741)))
(0.522523 ((-0.021443 -0.136635 0.000000) (0.000000 0.000000 3758.501056)))
(0.523524 ((-0.012914 -0.138799 0.000000) (0.000000 0.000000 3769.260570)))
(0.524525 ((-0.004180 -0.139875 0.000000) (0.000000 0.000000 3779.978109)))
(0.525526 ((0.004619 -0.139847 0.000000) (0.000000 0.000000 3790.616467)))
(0.526527 ((0.013346 -0.138716 0.000000) (0.000000 0.000000 3801.139791)))
(0.527528 ((0.021861 -0.136499 0.000000) (0.000000 0.000000 3811.513245)))
(0.528529 ((0.030031 -0.133231 0.000000) (0.000000 0.000000 3821.702928)))
(0.529530 ((0.037727 -0.128963 0.000000) (0.000000 0.000000 3831.676073)))
(0.530531 ((0.044826 -0.123764 0.000000) (0.000000 0.000000 3841.401495)))
(0.531532 ((0.051217 -0.117716 0.000000) (0.000000 0.000000 3850.850262)))
(0.532533 ((0.056799 -0.110913 0.000000) (0.000000 0.000000 3859.996496)))
(0.533534 ((0.061483 -0.103464 0.000000) (0.000000 0.000000 3868.818191)))
(0.534535 ((0.065195 -0.095486 0.000000) (0.000000 0.000000 3877.297906)))
(0.535536 ((0.067878 -0.087106 0.000000) (0.000000 0.000000 3885.423196)))
(0.536537 ((0.069488 -0.078455 0.000000) (0.000000 0.000000 3893.186674)))
(0.537538 ((0.069999 -0.069670 0.000000) (0.000000 0.000000 3900.585688)))
(0.538539 ((0.069405 -0.060891 0.000000) (0.000000 0.000000 3907.621650)))
(0.539540 ((0.067714 -0.052255 0.000000) (0.000000 0.000000 3914.299129)))
(0.540541 ((0.064952 -0.043900 0.000000) (0.000000 0.000000 3920.624865)))
(0.541542 ((0.061165 -0.035958 0.000000) (0.000000 0.000000 3926.606844)))
(0.542543 ((0.056411 -0.028553 0.000000) (0.000000 0.000000 3932.253562)))
(0.543544 ((0.050765 -0.021803 0.000000) (0.000000 0.000000 3937.573568)))
(0.544545 ((0.044317 -0.015815 0.000000) (0.000000 0.000000 3942.575352)))
(0.545546 ((0.037169 -0.010683 0.000000) (0.000000 0.000000 3947.267617)))
(0.546547 ((0.029434 -0.006489 0.000000) (0.000000 0.000000 3951.659968)))
(0.547548 ((0.021233 -0.003298 0.000000) (0.000000 0.000000 3955.764077)))
(0.548549 ((0.012697 -0.001161 0.000000) (0.000000 0.000000 3959.595362)))
(0.549550 ((0.003960 -0.000112 0.000000) (0.000000 0.000000 3963.175217)))
(0.550551 ((-0.004839 -0.000167 0.000000) (0.000000 0.000000 3966.533828)))
(0.551552 ((-0.013562 -0.001326 0.000000) (0.000000 0.000000 3969.713492)))
(0.552553 ((-0.022070 -0.003570 0.000000) (0.000000 0.000000 3972.772203)))
(0.553554 ((-0.030230 -0.006864 0.000000) (0.000000 0.000000 3975.787009)))
(0.554555 ((-0.037912 -0.011155 0.000000) (0.000000 0.000000 3978.856208)))
(0.555556 ((-0.044995 -0.016377 0.000000) (0.000000 0.000000 3982.099031)))
(0.556557 ((-0.051367 -0.022445 0.000000) (0.000000 0.000000 3985.651140)))
(0.557558 ((-0.056927 -0.029266 0.000000) (0.000000 0.000000 3989.654650)))
(0.558559 ((-0.061588 -0.036729 0.000000) (0.000000 0.000000 3994.242825)))
(0.559560 ((-0.065275 -0.044719 0.000000) (0.000000 0.000000 3999.522224)))
(0.560561 ((-0.067931 -0.053108 0.000000) (0.000000 0.000000 4005.557533)))
(0.561562 ((-0.069514 -0.061764 0.000000) (0.000000 0.000000 4012.364489)))
(0.562563 ((-0.069998 -0.070550 0.000000) (0.000000 0.000000 4019.913164)))
(0.563564 ((-0.069376 -0.079328 0.000000) (0.000000 0.000000 4028.139308)))
(0.564565 ((-0.067657 -0.087958 0.000000) (0.000000 0.000000 4036.958716)))
(0.565566 ((-0.064870 -0.096304 0.000000) (0.000000 0.000000 4046.280045)))
(0.566567 ((-0.061057 -0.104234 0.000000) (0.000000 0.000000 4056.013797)))
(0.567568 ((-0.056280 -0.111624 0.000000) (0.000000 0.000000 4066.077296)))
(0.568569 ((-0.050613 -0.118356 0.000000) (0.000000 0.000000 4076.396626)))
(0.569570 ((-0.044147 -0.124324 0.000000) (0.000000 0.000000 4086.906668)))
(0.570571 ((-0.036982 -0.129433 0.000000) (0.000000 0.000000 4097.550147)))
(0.571572 ((-0.029234 -0.133603 0.000000) (0.000000 0.000000 4108.276289)))
(0.572573 ((-0.021023 -0.136768 0.000000) (0.000000 0.000000 4119.039434)))
(0.573574 ((-0.012481 -0.138878 0.000000) (0.000000 0.000000 4129.797759)))
(0.574575 ((-0.003741 -0.139900 0.000000) (0.000000 0.000000 4140.512210)))
(0.575576 ((0.005058 -0.139817 0.000000) (0.000000 0.000000 4151.145658)))
(0.576577 ((0.013778 -0.138631 0.000000) (0.000000 0.000000 4161.662309)))
(0.577578 ((0.022279 -0.136360 0.000000) (0.000000 0.000000 4172.027371)))
(0.578579 ((0.030428 -0.133041 0.000000) (0.000000 0.000000 4182.206995)))
(0.579580 ((0.038097 -0.128725 0.000000) (0.000000 0.000000 4192.168478)))
(0.580581 ((0.045163 -0.123482 0.000000) (0.000000 0.000000 4201.880732)))
(0.581582 ((0.051516 -0.117393 0.000000) (0.000000 0.000000 4211.314958)))
(0.582583 ((0.057055 -0.110555 0.000000) (0.000000 0.000000 4220.445453)))
(0.583584 ((0.061692 -0.103077 0.000000) (0.000000 0.000000 4229.250423)))
(0.584585 ((0.065354 -0.095076 0.000000) (0.000000 0.000000 4237.712670)))
(0.585586 ((0.067984 -0.086678 0.000000) (0.000000 0.000000 4245.820003)))
(0.586587 ((0.069539 -0.078017 0.000000) (0.000000 0.000000 4253.565284)))
(0.587588 ((0.069996 -0.069230 0.000000) (0.000000 0.000000 4260.946082)))
(0.588589 ((0.069346 -0.060454 0.000000) (0.000000 0.000000 4267.963989)))
(0.589590 ((0.067601 -0.051830 0.000000) (0.000000 0.000000 4274.623707)))
(0.590591 ((0.064787 -0.043492 0.000000) (0.000000 0.000000 4280.932059)))
(0.591592 ((0.060949 -0.035574 0.000000) (0.000000 0.000000 4286.897071)))
(0.592593 ((0.056149 -0.028199 0.000000) (0.000000 0.000000 4292.527251)))
(0.593594 ((0.050461 -0.021485 0.000000) (0.000000 0.000000 4297.831144)))
(0.594595 ((0.043976 -0.015538 0.000000) (0.000000 0.000000 4302.817242)))
(0.595596 ((0.036795 -0.010451 0.000000) (0.000000 0.000000 4307.494271)))
(0.596597 ((0.029034 -0.006305 0.000000) (0.000000 0.000000 4311.871909)))
(0.597598 ((0.020813 -0.003166 0.000000) (0.000000 0.000000 4315.961972)))
(0.598599 ((0.012264 -0.001083 0.000000) (0.000000 0.000000 4319.780116)))
(0.599600 ((0.003521 -0.000089 0.000000) (0.000000 0.000000 4323.348105)))
(0.600601 ((-0.005278 -0.000199 0.000000) (0.000000 0.000000 4326.696649)))
(0.601602 ((-0.013993 -0.001413 0.000000) (0.000000 0.000000 4329.868742)))
(0.602603 ((-0.022487 -0.003710 0.000000) (0.000000 0.000000 4332.923257)))
(0.603604 ((-0.030626 -0.007055 0.000000) (0.000000 0.000000 4335.938267)))
(0.604605 ((-0.038281 -0.011395 0.000000) (0.000000 0.000000 4339.013153)))
(0.605606 ((-0.045331 -0.016661 0.000000) (0.000000 0.000000 4342.268114)))
(0.606607 ((-0.051665 -0.022769 0.000000) (0.000000 0.000000 4345.839422)))
(0.607608 ((-0.057182 -0.029624 0.000000) (0.000000 0.000000 4349.869150)))
(0.608609 ((-0.061796 -0.037117 0.000000) (0.000000 0.000000 4354.489651)))
(0.609610 ((-0.065433 -0.045130 0.000000) (0.000000 0.000000 4359.805705)))
(0.610611 ((-0.068036 -0.053536 0.000000) (0.000000 0.000000 4365.879632)))
(0.611612 ((-0.069564 -0.062201 0.000000) (0.000000 0.000000 4372.724725)))
(0.612613 ((-0.069993 -0.070990 0.000000) (0.000000 0.000000 4380.309024)))
(0.613614 ((-0.069316 -0.079764 0.000000) (0.000000 0.000000 4388.566937)))
(0.614615 ((-0.067543 -0.088383 0.000000) (0.000000 0.000000 4397.413624)))
(0.615616 ((-0.064703 -0.096711 0.000000) (0.000000 0.000000 4406.757658)))
(0.616617 ((-0.060841 -0.104618 0.000000) (0.000000 0.000000 4416.509792)))
(0.617618 ((-0.056017 -0.111977 0.000000) (0.000000 0.000000 4426.587763)))
(0.618619 ((-0.050308 -0.118673 0.000000) (0.000000 0.000000 4436.918105)))
(0.619620 ((-0.043804 -0.124600 0.000000) (0.000000 0.000000 4447.436119)))
(0.620621 ((-0.036608 -0.129665 0.000000) (0.000000 0.000000 4458.084889)))
(0.621622 ((-0.028833 -0.133786 0.000000) (0.000000 0.000000 4468.813929)))
(0.622623 ((-0.020603 -0.136899 0.000000) (0.000000 0.000000 4479.577799)))
(0.623624 ((-0.012047 -0.138956 0.000000) (0.000000 0.000000 4490.334839)))
(0.624625 ((-0.003301 -0.139922 0.000000) (0.000000 0.000000 4501.046109)))
(0.625626 ((0.005497 -0.139784 0.000000) (0.000000 0.000000 4511.674558)))
(0.626627 ((0.014209 -0.138543 0.000000) (0.000000 0.000000 4522.184447)))
(0.627628 ((0.022696 -0.136219 0.000000) (0.000000 0.000000 4532.541034)))
(0.628629 ((0.030824 -0.132848 0.000000) (0.000000 0.000000 4542.710516)))
(0.629630 ((0.038465 -0.128484 0.000000) (0.000000 0.000000 4552.660260)))
(0.630631 ((0.045499 -0.123196 0.000000) (0.000000 0.000000 4562.359274)))
(0.631632 ((0.051813 -0.117068 0.000000) (0.000000 0.000000 4571.778895)))
(0.632633 ((0.057309 -0.110196 0.000000) (0.000000 0.000000 4580.893595)))
(0.633634 ((0.061899 -0.102688 0.000000) (0.000000 0.000000 4589.681797)))
(0.634635 ((0.065511 -0.094664 0.000000) (0.000000 0.000000 4598.126546)))
(0.635636 ((0.068088 -0.086250 0.000000) (0.000000 0.000000 4606.215904)))
(0.636637 ((0.069588 -0.077580 0.000000) (0.000000 0.000000 4613.942982)))
(0.637638 ((0.069990 -0.068790 0.000000) (0.000000 0.000000 4621.305567)))
(0.638639 ((0.069285 -0.060018 0.000000) (0.000000 0.000000 4628.305432)))
(0.639640 ((0.067485 -0.051405 0.000000) (0.000000 0.000000 4634.947406)))
(0.640641 ((0.064619 -0.043085 0.000000) (0.000000 0.000000 4641.238394)))
(0.641642 ((0.060732 -0.035191 0.000000) (0.000000 0.000000 4647.186461)))
(0.642643 ((0.055885 -0.027847 0.000000) (0.000000 0.000000 4652.800124)))
(0.643644 ((0.050155 -0.021169 0.000000) (0.000000 0.000000 4658.087926)))
(0.644645 ((0.043632 -0.015262 0.000000) (0.000000 0.000000 4663.058359)))
(0.645646 ((0.036420 -0.010221 0.000000) (0.000000 0.000000 4667.720176)))
(0.646647 ((0.028633 -0.006124 0.000000) (0.000000 0.000000 4672.083131)))
(0.647648 ((0.020393 -0.003036 0.000000) (0.000000 0.000000 4676.159185)))
(0.648649 ((0.011830 -0.001007 0.000000) (0.000000 0.000000 4679.964243)))
(0.649650 ((0.003081 -0.000068 0.000000) (0.000000 0.000000 4683.520442)))
(0.650651 ((-0.005717 -0.000234 0.000000) (0.000000 0.000000 4686.859025)))
(0.651652 ((-0.014424 -0.001502 0.000000) (0.000000 0.000000 4690.023694)))
(0.652653 ((-0.022904 -0.003853 0.000000) (0.000000 0.000000 4693.074208)))
(0.653654 ((-0.031022 -0.007249 0.000000) (0.000000 0.000000 4696.089671)))
(0.654655 ((-0.038649 -0.011637 0.000000) (0.000000 0.000000 4699.170544)))
(0.655656 ((-0.045666 -0.016947 0.000000) (0.000000 0.000000 4702.437987)))
(0.656657 ((-0.051961 -0.023095 0.000000) (0.000000 0.000000 4706.028852)))
(0.657658 ((-0.057435 -0.029985 0.000000) (0.000000 0.000000 4710.085132)))
(0.658659 ((-0.062001 -0.037507 0.000000) (0.000000 0.000000 4714.738225)))
(0.659660 ((-0.065588 -0.045542 0.000000) (0.000000 0.000000 4720.091090)))
(0.660661 ((-0.068138 -0.053964 0.000000) (0.000000 0.000000 4726.203668)))
(0.661662 ((-0.069612 -0.062639 0.000000) (0.000000 0.000000 4733.086816)))
(0.662663 ((-0.069985 -0.071430 0.000000) (0.000000 0.000000 4740.706573)))
(0.663664 ((-0.069253 -0.080199 0.000000) (0.000000 0.000000 4748.996040)))
(0.664665 ((-0.067426 -0.088807 0.000000) (0.000000 0.000000 4757.869776)))
(0.665666 ((-0.064534 -0.097118 0.000000) (0.000000 0.000000 4767.236290)))
(0.666667 ((-0.060622 -0.105000 0.000000) (0.000000 0.000000 4777.006599)))
(0.667668 ((-0.055752 -0.112329 0.000000) (0.000000 0.000000 4787.098858)))
(0.668669 ((-0.050001 -0.118989 0.000000) (0.000000 0.000000 4797.440051)))
(0.669670 ((-0.043460 -0.124875 0.000000) (0.000000 0.000000 4807.965896)))
(0.670671 ((-0.036232 -0.129894 0.000000) (0.000000 0.000000 4818.619830)))
(0.671672 ((-0.028432 -0.133966 0.000000) (0.000000 0.000000 4829.351655)))
(0.672673 ((-0.020182 -0.137028 0.000000) (0.000000 0.000000 4840.116146)))
(0.673674 ((-0.011613 -0.139030 0.000000) (0.000000 0.000000 4850.871804)))
(0.674675 ((-0.002861 -0.139942 0.000000) (0.000000 0.000000 4861.579800)))
(0.675676 ((0.005936 -0.139748 0.000000) (0.000000 0.000000 4872.203160)))
(0.676677 ((0.014640 -0.138452 0.000000) (0.000000 0.000000 4882.706203)))
(0.677678 ((0.023112 -0.136075 0.000000) (0.000000 0.000000 4893.054228)))
(0.678679 ((0.031219 -0.132653 0.000000) (0.000000 0.000000 4903.213487)))
(0.679680 ((0.038832 -0.128241 0.000000) (0.000000 0.000000 4913.151415)))
(0.680681 ((0.045832 -0.122909 0.000000) (0.000000 0.000000 4922.837117)))
(0.681682 ((0.052108 -0.116741 0.000000) (0.000000 0.000000 4932.242069)))
(0.682683 ((0.057561 -0.109834 0.000000) (0.000000 0.000000 4941.340920)))
(0.683684 ((0.062103 -0.102298 0.000000) (0.000000 0.000000 4950.112311)))
(0.684685 ((0.065665 -0.094252 0.000000) (0.000000 0.000000 4958.539532)))
(0.685686 ((0.068188 -0.085822 0.000000) (0.000000 0.000000 4966.610899)))
(0.686687 ((0.069635 -0.077142 0.000000) (0.000000 0.000000 4974.319768)))
(0.687688 ((0.069981 -0.068349 0.000000) (0.000000 0.000000 4981.664146)))
(0.688689 ((0.069221 -0.059583 0.000000) (0.000000 0.000000 4988.645980)))
(0.689690 ((0.067367 -0.050981 0.000000) (0.000000 0.000000 4995.270228)))
(0.690691 ((0.064448 -0.042679 0.000000) (0.000000 0.000000 5001.543872)))
(0.691692 ((0.060512 -0.034810 0.000000) (0.000000 0.000000 5007.475015)))
(0.692693 ((0.055619 -0.027496 0.000000) (0.000000 0.000000 5013.072183)))
(0.693694 ((0.049847 -0.020854 0.000000) (0.000000 0.000000 5018.343914)))
(0.694695 ((0.043287 -0.014989 0.000000) (0.000000 0.000000 5023.298704)))
(0.695696 ((0.036043 -0.009993 0.000000) (0.000000 0.000000 5027.945334)))
(0.696697 ((0.028230 -0.005945 0.000000) (0.000000 0.000000 5032.293635)))
(0.697698 ((0.019971 -0.002909 0.000000) (0.000000 0.000000 5036.355720)))
(0.698699 ((0.011396 -0.000934 0.000000) (0.000000 0.000000 5040.147746)))
(0.699700 ((0.002641 -0.000050 0.000000) (0.000000 0.000000 5043.692233)))
(0.700701 ((-0.006155 -0.000271 0.000000) (0.000000 0.000000 5047.020963)))
(0.701702 ((-0.014855 -0.001594 0.000000) (0.000000 0.000000 5050.178357)))
(0.702703 ((-0.023320 -0.003998 0.000000) (0.000000 0.000000 5053.225067)))
(0.703704 ((-0.031416 -0.007446 0.000000) (0.000000 0.000000 5056.241234)))
(0.704705 ((-0.039015 -0.011881 0.000000) (0.000000 0.000000 5059.328398)))
(0.705706 ((-0.045999 -0.017235 0.000000) (0.000000 0.000000 5062.608667)))
(0.706707 ((-0.052255 -0.023423 0.000000) (0.000000 0.000000 5066.219448)))
(0.707708 ((-0.057686 -0.030347 0.000000) (0.000000 0.000000 5070.302612)))
(0.708709 ((-0.062205 -0.037897 0.000000) (0.000000 0.000000 5074.988558)))
(0.709710 ((-0.065741 -0.045955 0.000000) (0.000000 0.000000 5080.378386)))
(0.710711 ((-0.068238 -0.054393 0.000000) (0.000000 0.000000 5086.529640)))
(0.711712 ((-0.069657 -0.063077 0.000000) (0.000000 0.000000 5093.450756)))
(0.712713 ((-0.069975 -0.071871 0.000000) (0.000000 0.000000 5101.105799)))
(0.713714 ((-0.069187 -0.080635 0.000000) (0.000000 0.000000 5109.426604)))
(0.714715 ((-0.067307 -0.089231 0.000000) (0.000000 0.000000 5118.327158)))
(0.715716 ((-0.064362 -0.097523 0.000000) (0.000000 0.000000 5127.715929)))
(0.716717 ((-0.060401 -0.105380 0.000000) (0.000000 0.000000 5137.504210)))
(0.717718 ((-0.055485 -0.112679 0.000000) (0.000000 0.000000 5147.610574)))
(0.718719 ((-0.049692 -0.119302 0.000000) (0.000000 0.000000 5157.962457)))
(0.719720 ((-0.043114 -0.125147 0.000000) (0.000000 0.000000 5168.495991)))
(0.720721 ((-0.035855 -0.130120 0.000000) (0.000000 0.000000 5179.154965)))
(0.721722 ((-0.028029 -0.134144 0.000000) (0.000000 0.000000 5189.889462)))
(0.722723 ((-0.019760 -0.137153 0.000000) (0.000000 0.000000 5200.654471)))
(0.723724 ((-0.011179 -0.139102 0.000000) (0.000000 0.000000 5211.408650)))
(0.724725 ((-0.002421 -0.139958 0.000000) (0.000000 0.000000 5222.113279)))
(0.725726 ((0.006375 -0.139709 0.000000) (0.000000 0.000000 5232.731462)))
(0.726727 ((0.015070 -0.138359 0.000000) (0.000000 0.000000 5243.227570)))
(0.727728 ((0.023527 -0.135928 0.000000) (0.000000 0.000000 5253.566950)))
(0.728729 ((0.031612 -0.132455 0.000000) (0.000000 0.000000 5263.715905)))
(0.729730 ((0.039198 -0.127996 0.000000) (0.000000 0.000000 5273.641938)))
(0.730731 ((0.046164 -0.122620 0.000000) (0.000000 0.000000 5283.314258)))
(0.731732 ((0.052401 -0.116412 0.000000) (0.000000 0.000000 5292.704476)))
(0.732733 ((0.057810 -0.109472 0.000000) (0.000000 0.000000 5301.787425)))
(0.733734 ((0.062305 -0.101907 0.000000) (0.000000 0.000000 5310.541964)))
(0.734735 ((0.065816 -0.093838 0.000000) (0.000000 0.000000 5318.951627)))
(0.735736 ((0.068287 -0.085393 0.000000) (0.000000 0.000000 5327.004986)))
(0.736737 ((0.069678 -0.076704 0.000000) (0.000000 0.000000 5334.695642)))
(0.737738 ((0.069969 -0.067909 0.000000) (0.000000 0.000000 5342.021817)))
(0.738739 ((0.069154 -0.059148 0.000000) (0.000000 0.000000 5348.985633)))
(0.739740 ((0.067246 -0.050558 0.000000) (0.000000 0.000000 5355.592173)))
(0.740741 ((0.064275 -0.042275 0.000000) (0.000000 0.000000 5361.848493)))
(0.741742 ((0.060289 -0.034430 0.000000) (0.000000 0.000000 5367.762734)))
(0.742743 ((0.055350 -0.027147 0.000000) (0.000000 0.000000 5373.343428)))
(0.743744 ((0.049537 -0.020542 0.000000) (0.000000 0.000000 5378.599110)))
(0.744745 ((0.042940 -0.014718 0.000000) (0.000000 0.000000 5383.538278)))
(0.745746 ((0.035665 -0.009767 0.000000) (0.000000 0.000000 5388.169745)))
(0.746747 ((0.027827 -0.005769 0.000000) (0.000000 0.000000 5392.503422)))
(0.747748 ((0.019549 -0.002785 0.000000) (0.000000 0.000000 5396.551578)))
(0.748749 ((0.010962 -0.000864 0.000000) (0.000000 0.000000 5400.330628)))
(0.749750 ((0.002201 -0.000035 0.000000) (0.000000 0.000000 5403.863482)))
(0.750751 ((-0.006594 -0.000311 0.000000) (0.000000 0.000000 5407.182470)))
(0.751752 ((-0.015285 -0.001689 0.000000) (0.000000 0.000000 5410.332738)))
(0.752753 ((-0.023734 -0.004146 0.000000) (0.000000 0.000000 5413.375845)))
(0.753754 ((-0.031808 -0.007644 0.000000) (0.000000 0.000000 5416.392969)))
(0.754755 ((-0.039380 -0.012128 0.000000) (0.000000 0.000000 5419.486732)))
(0.755756 ((-0.046330 -0.017526 0.000000) (0.000000 0.000000 5422.780172)))
(0.756757 ((-0.052547 -0.023753 0.000000) (0.000000 0.000000 5426.411227)))
(0.757758 ((-0.057934 -0.030710 0.000000) (0.000000 0.000000 5430.521605)))
(0.758759 ((-0.062405 -0.038289 0.000000) (0.000000 0.000000 5435.240659)))
(0.759760 ((-0.065891 -0.046369 0.000000) (0.000000 0.000000 5440.667595)))
(0.760761 ((-0.068335 -0.054822 0.000000) (0.000000 0.000000 5446.857547)))
(0.761762 ((-0.069699 -0.063515 0.000000) (0.000000 0.000000 5453.816537)))
(0.762763 ((-0.069962 -0.072311 0.000000) (0.000000 0.000000 5461.506693)))
(0.763764 ((-0.069119 -0.081070 0.000000) (0.000000 0.000000 5469.858618)))
(0.764765 ((-0.067184 -0.089654 0.000000) (0.000000 0.000000 5478.785761)))
(0.765766 ((-0.064188 -0.097927 0.000000) (0.000000 0.000000 5488.196566)))
(0.766767 ((-0.060177 -0.105759 0.000000) (0.000000 0.000000 5498.002613)))
(0.767768 ((-0.055215 -0.113027 0.000000) (0.000000 0.000000 5508.122902)))
(0.768769 ((-0.049381 -0.119614 0.000000) (0.000000 0.000000 5518.485316)))
(0.769770 ((-0.042766 -0.125417 0.000000) (0.000000 0.000000 5529.026399)))
(0.770771 ((-0.035476 -0.130345 0.000000) (0.000000 0.000000 5539.690288)))
(0.771772 ((-0.027625 -0.134319 0.000000) (0.000000 0.000000 5550.427344)))
(0.772773 ((-0.019337 -0.137276 0.000000) (0.000000 0.000000 5561.192768)))
(0.773774 ((-0.010744 -0.139171 0.000000) (0.000000 0.000000 5571.945371)))
(0.774775 ((-0.001981 -0.139972 0.000000) (0.000000 0.000000 5582.646542)))
(0.775776 ((0.006813 -0.139668 0.000000) (0.000000 0.000000 5593.259459)))
(0.776777 ((0.015499 -0.138262 0.000000) (0.000000 0.000000 5603.748546)))
(0.777778 ((0.023941 -0.135779 0.000000) (0.000000 0.000000 5614.079196)))
(0.778779 ((0.032004 -0.132255 0.000000) (0.000000 0.000000 5624.217765)))
(0.779780 ((0.039562 -0.127748 0.000000) (0.000000 0.000000 5634.131827)))
(0.780781 ((0.046494 -0.122329 0.000000) (0.000000 0.000000 5643.790692)))
(0.781782 ((0.052692 -0.116082 0.000000) (0.000000 0.000000 5653.166114)))
(0.782783 ((0.058057 -0.109107 0.000000) (0.000000 0.000000 5662.233109)))
(0.783784 ((0.062505 -0.101515 0.000000) (0.000000 0.000000 5670.970754)))
(0.784785 ((0.065965 -0.093424 0.000000) (0.000000 0.000000 5679.362830)))
(0.785786 ((0.068382 -0.084963 0.000000) (0.000000 0.000000 5687.398166)))
(0.786787 ((0.069719 -0.076266 0.000000) (0.000000 0.000000 5695.070604)))
(0.787788 ((0.069954 -0.067469 0.000000) (0.000000 0.000000 5702.378582)))
(0.788789 ((0.069084 -0.058713 0.000000) (0.000000 0.000000 5709.324393)))
(0.789790 ((0.067122 -0.050135 0.000000) (0.000000 0.000000 5715.913242)))
(0.790791 ((0.064100 -0.041871 0.000000) (0.000000 0.000000 5722.152259)))
(0.791792 ((0.060064 -0.034051 0.000000) (0.000000 0.000000 5728.049619)))
(0.792793 ((0.055080 -0.026800 0.000000) (0.000000 0.000000 5733.613860)))
(0.793794 ((0.049225 -0.020231 0.000000) (0.000000 0.000000 5738.853515)))
(0.794795 ((0.042592 -0.014449 0.000000) (0.000000 0.000000 5743.777083)))
(0.795796 ((0.035286 -0.009544 0.000000) (0.000000 0.000000 5748.393412)))
(0.796797 ((0.027422 -0.005595 0.000000) (0.000000 0.000000 5752.712495)))
(0.797798 ((0.019126 -0.002663 0.000000) (0.000000 0.000000 5756.746762)))
(0.798799 ((0.010527 -0.000796 0.000000) (0.000000 0.000000 5760.512892)))
(0.799800 ((0.001761 -0.000022 0.000000) (0.000000 0.000000 5764.034193)))
(0.800801 ((-0.007032 -0.000354 0.000000) (0.000000 0.000000 5767.343551)))
(0.801802 ((-0.015714 -0.001787 0.000000) (0.000000 0.000000 5770.486848)))
(0.802803 ((-0.024148 -0.004297 0.000000) (0.000000 0.000000 5773.526553)))
(0.803804 ((-0.032200 -0.007846 0.000000) (0.000000 0.000000 5776.544892)))
(0.804805 ((-0.039743 -0.012377 0.000000) (0.000000 0.000000 5779.645562)))
(0.805806 ((-0.046659 -0.017818 0.000000) (0.000000 0.000000 5782.952520)))
(0.806807 ((-0.052837 -0.024084 0.000000) (0.000000 0.000000 5786.604206)))
(0.807808 ((-0.058180 -0.031075 0.000000) (0.000000 0.000000 5790.742127)))
(0.808809 ((-0.062603 -0.038682 0.000000) (0.000000 0.000000 5795.494540)))
(0.809810 ((-0.066038 -0.046784 0.000000) (0.000000 0.000000 5800.958723)))
(0.810811 ((-0.068429 -0.055252 0.000000) (0.000000 0.000000 5807.187385)))
(0.811812 ((-0.069738 -0.063954 0.000000) (0.000000 0.000000 5814.184153)))
(0.812813 ((-0.069946 -0.072751 0.000000) (0.000000 0.000000 5821.909246)))
(0.813814 ((-0.069048 -0.081504 0.000000) (0.000000 0.000000 5830.292072)))
(0.814815 ((-0.067059 -0.090076 0.000000) (0.000000 0.000000 5839.245572)))
(0.815816 ((-0.064011 -0.098330 0.000000) (0.000000 0.000000 5848.678189)))
(0.816817 ((-0.059951 -0.106137 0.000000) (0.000000 0.000000 5858.501801)))
(0.817818 ((-0.054943 -0.113373 0.000000) (0.000000 0.000000 5868.635834)))
(0.818819 ((-0.049068 -0.119923 0.000000) (0.000000 0.000000 5879.008619)))
(0.819820 ((-0.042417 -0.125685 0.000000) (0.000000 0.000000 5889.557112)))
(0.820821 ((-0.035096 -0.130566 0.000000) (0.000000 0.000000 5900.225793)))
(0.821822 ((-0.027220 -0.134491 0.000000) (0.000000 0.000000 5910.965297)))
(0.822823 ((-0.018914 -0.137396 0.000000) (0.000000 0.000000 5921.731033)))
(0.823824 ((-0.010309 -0.139237 0.000000) (0.000000 0.000000 5932.481963)))
(0.824825 ((-0.001541 -0.139983 0.000000) (0.000000 0.000000 5943.179584)))
(0.825826 ((0.007251 -0.139623 0.000000) (0.000000 0.000000 5953.787145)))
(0.826827 ((0.015928 -0.138164 0.000000) (0.000000 0.000000 5964.269125)))
(0.827828 ((0.024354 -0.135627 0.000000) (0.000000 0.000000 5974.590962)))
(0.828829 ((0.032395 -0.132053 0.000000) (0.000000 0.000000 5984.719063)))
(0.829830 ((0.039924 -0.127498 0.000000) (0.000000 0.000000 5994.621077)))
(0.830831 ((0.046823 -0.122035 0.000000) (0.000000 0.000000 6004.266417)))
(0.831832 ((0.052981 -0.115750 0.000000) (0.000000 0.000000 6013.626981)))
(0.832833 ((0.058302 -0.108741 0.000000) (0.000000 0.000000 6022.677968)))
(0.833834 ((0.062702 -0.101121 0.000000) (0.000000 0.000000 6031.398678)))
(0.834835 ((0.066111 -0.093009 0.000000) (0.000000 0.000000 6039.773141)))
(0.835836 ((0.068475 -0.084533 0.000000) (0.000000 0.000000 6047.790437)))
(0.836837 ((0.069757 -0.075827 0.000000) (0.000000 0.000000 6055.444653)))
(0.837838 ((0.069937 -0.067029 0.000000) (0.000000 0.000000 6062.734441)))
(0.838839 ((0.069012 -0.058279 0.000000) (0.000000 0.000000 6069.662261)))
(0.839840 ((0.066996 -0.049713 0.000000) (0.000000 0.000000 6076.233436)))
(0.840841 ((0.063921 -0.041468 0.000000) (0.000000 0.000000 6082.455171)))
(0.841842 ((0.059837 -0.033674 0.000000) (0.000000 0.000000 6088.335672)))
(0.842843 ((0.054807 -0.026454 0.000000) (0.000000 0.000000 6093.883482)))
(0.843844 ((0.048911 -0.019923 0.000000) (0.000000 0.000000 6099.107129)))
(0.844845 ((0.042242 -0.014182 0.000000) (0.000000 0.000000 6104.015120)))
(0.845846 ((0.034905 -0.009323 0.000000) (0.000000 0.000000 6108.616335)))
(0.846847 ((0.027017 -0.005424 0.000000) (0.000000 0.000000 6112.920854)))
(0.847848 ((0.018702 -0.002544 0.000000) (0.000000 0.000000 6116.941274)))
(0.848849 ((0.010091 -0.000731 0.000000) (0.000000 0.000000 6120.694543)))
(0.849850 ((0.001321 -0.000012 0.000000) (0.000000 0.000000 6124.204372)))
(0.850851 ((-0.007470 -0.000400 0.000000) (0.000000 0.000000 6127.504214)))
(0.851852 ((-0.016143 -0.001887 0.000000) (0.000000 0.000000 6130.640695)))
(0.852853 ((-0.024561 -0.004450 0.000000) (0.000000 0.000000 6133.677204)))
(0.853854 ((-0.032590 -0.008049 0.000000) (0.000000 0.000000 6136.697017)))
(0.854855 ((-0.040105 -0.012628 0.000000) (0.000000 0.000000 6139.804904)))
(0.855856 ((-0.046986 -0.018112 0.000000) (0.000000 0.000000 6143.125729)))
(0.856857 ((-0.053124 -0.024417 0.000000) (0.000000 0.000000 6146.798405)))
(0.857858 ((-0.058423 -0.031442 0.000000) (0.000000 0.000000 6150.964191)))
(0.858859 ((-0.062799 -0.039076 0.000000) (0.000000 0.000000 6155.750210)))
(0.859860 ((-0.066183 -0.047199 0.000000) (0.000000 0.000000 6161.251772)))
(0.860861 ((-0.068520 -0.055683 0.000000) (0.000000 0.000000 6167.519153)))
(0.861862 ((-0.069775 -0.064392 0.000000) (0.000000 0.000000 6174.553596)))
(0.862863 ((-0.069927 -0.073190 0.000000) (0.000000 0.000000 6182.313445)))
(0.863864 ((-0.068974 -0.081938 0.000000) (0.000000 0.000000 6190.726953)))
(0.864865 ((-0.066932 -0.090497 0.000000) (0.000000 0.000000 6199.706580)))
(0.865866 ((-0.063831 -0.098732 0.000000) (0.000000 0.000000 6209.160788)))
(0.866867 ((-0.059722 -0.106514 0.000000) (0.000000 0.000000 6219.001762)))
(0.867868 ((-0.054670 -0.113718 0.000000) (0.000000 0.000000 6229.149360)))
(0.868869 ((-0.048753 -0.120231 0.000000) (0.000000 0.000000 6239.532361)))
(0.869870 ((-0.042066 -0.125951 0.000000) (0.000000 0.000000 6250.088124)))
(0.870871 ((-0.034714 -0.130786 0.000000) (0.000000 0.000000 6260.761474)))
(0.871872 ((-0.026814 -0.134661 0.000000) (0.000000 0.000000 6271.503314)))
(0.872873 ((-0.018490 -0.137514 0.000000) (0.000000 0.000000 6282.269260)))
(0.873874 ((-0.009873 -0.139300 0.000000) (0.000000 0.000000 6293.018422)))
(0.874875 ((-0.001101 -0.139991 0.000000) (0.000000 0.000000 6303.712400)))
(0.875876 ((0.007689 -0.139576 0.000000) (0.000000 0.000000 6314.314518)))
(0.876877 ((0.016357 -0.138062 0.000000) (0.000000 0.000000 6324.789303)))
(0.877878 ((0.024767 -0.135472 0.000000) (0.000000 0.000000 6335.102243)))
(0.878879 ((0.032785 -0.131848 0.000000) (0.000000 0.000000 6345.219796)))
(0.879880 ((0.040285 -0.127246 0.000000) (0.000000 0.000000 6355.109685)))
(0.880881 ((0.047149 -0.121740 0.000000) (0.000000 0.000000 6364.741430)))
(0.881882 ((0.053267 -0.115416 0.000000) (0.000000 0.000000 6374.087073)))
(0.882883 ((0.058544 -0.108374 0.000000) (0.000000 0.000000 6383.122000)))
(0.883884 ((0.062896 -0.100726 0.000000) (0.000000 0.000000 6391.825736)))
(0.884885 ((0.066254 -0.092592 0.000000) (0.000000 0.000000 6400.182557)))
(0.885886 ((0.068565 -0.084102 0.000000) (0.000000 0.000000 6408.181800)))
(0.886887 ((0.069792 -0.075388 0.000000) (0.000000 0.000000 6415.817792)))
(0.887888 ((0.069917 -0.066590 0.000000) (0.000000 0.000000 6423.089395)))
(0.888889 ((0.068937 -0.057845 0.000000) (0.000000 0.000000 6429.999236)))
(0.889890 ((0.066867 -0.049292 0.000000) (0.000000 0.000000 6436.552756)))
(0.890891 ((0.063741 -0.041067 0.000000) (0.000000 0.000000 6442.757230)))
(0.891892 ((0.059607 -0.033299 0.000000) (0.000000 0.000000 6448.620892)))
(0.892893 ((0.054532 -0.026111 0.000000) (0.000000 0.000000 6454.152292)))
(0.893894 ((0.048595 -0.019616 0.000000) (0.000000 0.000000 6459.359954)))
(0.894895 ((0.041890 -0.013917 0.000000) (0.000000 0.000000 6464.252390)))
(0.895896 ((0.034523 -0.009105 0.000000) (0.000000 0.000000 6468.838515)))
(0.896897 ((0.026610 -0.005255 0.000000) (0.000000 0.000000 6473.128503)))
(0.897898 ((0.018277 -0.002428 0.000000) (0.000000 0.000000 6477.135117)))
(0.898899 ((0.009655 -0.000669 0.000000) (0.000000 0.000000 6480.875583)))
(0.899900 ((0.000881 -0.000006 0.000000) (0.000000 0.000000 6484.374023)))
(0.900901 ((-0.007907 -0.000448 0.000000) (0.000000 0.000000 6487.664465)))
(0.901902 ((-0.016571 -0.001990 0.000000) (0.000000 0.000000 6490.794287)))
(0.902903 ((-0.024972 -0.004606 0.000000) (0.000000 0.000000 6493.827808)))
(0.903904 ((-0.032979 -0.008256 0.000000) (0.000000 0.000000 6496.849357)))
(0.904905 ((-0.040465 -0.012881 0.000000) (0.000000 0.000000 6499.964776)))
(0.905906 ((-0.047311 -0.018409 0.000000) (0.000000 0.000000 6503.299818)))
(0.906907 ((-0.053410 -0.024752 0.000000) (0.000000 0.000000 6506.993838)))
(0.907908 ((-0.058665 -0.031810 0.000000) (0.000000 0.000000 6511.187812)))
(0.908909 ((-0.062992 -0.039472 0.000000) (0.000000 0.000000 6516.007678)))
(0.909910 ((-0.066325 -0.047616 0.000000) (0.000000 0.000000 6521.546746)))
(0.910911 ((-0.068609 -0.056114 0.000000) (0.000000 0.000000 6527.852847)))
(0.911912 ((-0.069809 -0.064831 0.000000) (0.000000 0.000000 6534.924859)))
(0.912913 ((-0.069906 -0.073630 0.000000) (0.000000 0.000000 6542.719283)))
(0.913914 ((-0.068898 -0.082372 0.000000) (0.000000 0.000000 6551.163250)))
(0.914915 ((-0.066802 -0.090918 0.000000) (0.000000 0.000000 6560.168773)))
(0.915916 ((-0.063649 -0.099133 0.000000) (0.000000 0.000000 6569.644352)))
(0.916917 ((-0.059492 -0.106888 0.000000) (0.000000 0.000000 6579.502488)))
(0.917918 ((-0.054394 -0.114061 0.000000) (0.000000 0.000000 6589.663473)))
(0.918919 ((-0.048436 -0.120537 0.000000) (0.000000 0.000000 6600.056533)))
(0.919920 ((-0.041713 -0.126214 0.000000) (0.000000 0.000000 6610.619430)))
(0.920921 ((-0.034331 -0.131003 0.000000) (0.000000 0.000000 6621.297325)))
(0.921922 ((-0.026406 -0.134828 0.000000) (0.000000 0.000000 6632.041391)))
(0.922923 ((-0.018065 -0.137629 0.000000) (0.000000 0.000000 6642.807444)))
(0.923924 ((-0.009437 -0.139361 0.000000) (0.000000 0.000000 6653.554742)))
(0.924925 ((-0.000661 -0.139997 0.000000) (0.000000 0.000000 6664.244987)))
(0.925926 ((0.008126 -0.139527 0.000000) (0.000000 0.000000 6674.841572)))
(0.926927 ((0.016785 -0.137958 0.000000) (0.000000 0.000000 6685.309077)))
(0.927928 ((0.025178 -0.135315 0.000000) (0.000000 0.000000 6695.613035)))
(0.928929 ((0.033173 -0.131640 0.000000) (0.000000 0.000000 6705.719959)))
(0.929930 ((0.040644 -0.126992 0.000000) (0.000000 0.000000 6715.597647)))
(0.930931 ((0.047473 -0.121442 0.000000) (0.000000 0.000000 6725.215727)))
(0.931932 ((0.053552 -0.115080 0.000000) (0.000000 0.000000 6734.546387)))
(0.932933 ((0.058785 -0.108005 0.000000) (0.000000 0.000000 6743.565203)))
(0.933934 ((0.063088 -0.100330 0.000000) (0.000000 0.000000 6752.251926)))
(0.934935 ((0.066395 -0.092175 0.000000) (0.000000 0.000000 6760.591079)))
(0.935936 ((0.068652 -0.083670 0.000000) (0.000000 0.000000 6768.572253)))
(0.936937 ((0.069825 -0.074949 0.000000) (0.000000 0.000000 6776.190018)))
(0.937938 ((0.069894 -0.066150 0.000000) (0.000000 0.000000 6783.443443)))
(0.938939 ((0.068859 -0.057412 0.000000) (0.000000 0.000000 6790.335320)))
(0.939940 ((0.066735 -0.048872 0.000000) (0.000000 0.000000 6796.871204)))
(0.940941 ((0.063558 -0.040667 0.000000) (0.000000 0.000000 6803.058437)))
(0.941942 ((0.059375 -0.032925 0.000000) (0.000000 0.000000 6808.905282)))
(0.942943 ((0.054255 -0.025768 0.000000) (0.000000 0.000000 6814.420294)))
(0.943944 ((0.048277 -0.019311 0.000000) (0.000000 0.000000 6819.611991)))
(0.944945 ((0.041536 -0.013655 0.000000) (0.000000 0.000000 6824.488893)))
(0.945946 ((0.034139 -0.008889 0.000000) (0.000000 0.000000 6829.059955)))
(0.946947 ((0.026202 -0.005089 0.000000) (0.000000 0.000000 6833.335442)))
(0.947948 ((0.017852 -0.002315 0.000000) (0.000000 0.000000 6837.328294)))
(0.948949 ((0.009219 -0.000610 0.000000) (0.000000 0.000000 6841.056016)))
(0.949950 ((0.000441 -0.000001 0.000000) (0.000000 0.000000 6844.543151)))
(0.950951 ((-0.008345 -0.000499 0.000000) (0.000000 0.000000 6847.824310)))
(0.951952 ((-0.016998 -0.002095 0.000000) (0.000000 0.000000 6850.947635)))
(0.952953 ((-0.025383 -0.004764 0.000000) (0.000000 0.000000 6853.978377)))
(0.953954 ((-0.033367 -0.008464 0.000000) (0.000000 0.000000 6857.001928)))
(0.954955 ((-0.040823 -0.013137 0.000000) (0.000000 0.000000 6860.125193)))
(0.955956 ((-0.047635 -0.018707 0.000000) (0.000000 0.000000 6863.474803)))
(0.956957 ((-0.053694 -0.025089 0.000000) (0.000000 0.000000 6867.190525)))
(0.957958 ((-0.058904 -0.032180 0.000000) (0.000000 0.000000 6871.413006)))
(0.958959 ((-0.063183 -0.039869 0.000000) (0.000000 0.000000 6876.266954)))
(0.959960 ((-0.066464 -0.048034 0.000000) (0.000000 0.000000 6881.843649)))
(0.960961 ((-0.068695 -0.056546 0.000000) (0.000000 0.000000 6888.188465)))
(0.961962 ((-0.069840 -0.065270 0.000000) (0.000000 0.000000 6895.297934)))
(0.962963 ((-0.069882 -0.074070 0.000000) (0.000000 0.000000 6903.126747)))
(0.963964 ((-0.068819 -0.082805 0.000000) (0.000000 0.000000 6911.600951)))
(0.964965 ((-0.066669 -0.091337 0.000000) (0.000000 0.000000 6920.632141)))
(0.965966 ((-0.063465 -0.099533 0.000000) (0.000000 0.000000 6930.128871)))
(0.966967 ((-0.059258 -0.107262 0.000000) (0.000000 0.000000 6940.003970)))
(0.967968 ((-0.054115 -0.114402 0.000000) (0.000000 0.000000 6950.178165)))
(0.968969 ((-0.048117 -0.120840 0.000000) (0.000000 0.000000 6960.581127)))
(0.969970 ((-0.041359 -0.126475 0.000000) (0.000000 0.000000 6971.151021)))
(0.970971 ((-0.033947 -0.131218 0.000000) (0.000000 0.000000 6981.833341)))
(0.971972 ((-0.025998 -0.134993 0.000000) (0.000000 0.000000 6992.579522)))
(0.972973 ((-0.017639 -0.137741 0.000000) (0.000000 0.000000 7003.345581)))
(0.973974 ((-0.009001 -0.139419 0.000000) (0.000000 0.000000 7014.090920)))
(0.974975 ((-0.000221 -0.140000 0.000000) (0.000000 0.000000 7024.777339)))
(0.975976 ((0.008563 -0.139474 0.000000) (0.000000 0.000000 7035.368303)))
(0.976977 ((0.017212 -0.137851 0.000000) (0.000000 0.000000 7045.828442)))
(0.977978 ((0.025588 -0.135156 0.000000) (0.000000 0.000000 7056.123334)))
(0.978979 ((0.033560 -0.131431 0.000000) (0.000000 0.000000 7066.219549)))
(0.979980 ((0.041002 -0.126735 0.000000) (0.000000 0.000000 7076.084960)))
(0.980981 ((0.047796 -0.121142 0.000000) (0.000000 0.000000 7085.689304)))
(0.981982 ((0.053834 -0.114742 0.000000) (0.000000 0.000000 7095.004920)))
(0.982983 ((0.059022 -0.107635 0.000000) (0.000000 0.000000 7104.007576)))
(0.983984 ((0.063278 -0.099932 0.000000) (0.000000 0.000000 7112.677246)))
(0.984985 ((0.066533 -0.091757 0.000000) (0.000000 0.000000 7120.998704)))
(0.985986 ((0.068737 -0.083238 0.000000) (0.000000 0.000000 7128.961797)))
(0.986987 ((0.069855 -0.074510 0.000000) (0.000000 0.000000 7136.561333)))
(0.987988 ((0.069868 -0.065711 0.000000) (0.000000 0.000000 7143.796587)))
(0.988989 ((0.068778 -0.056979 0.000000) (0.000000 0.000000 7150.670514)))
(0.989990 ((0.066601 -0.048453 0.000000) (0.000000 0.000000 7157.188780)))
(0.990991 ((0.063372 -0.040268 0.000000) (0.000000 0.000000 7163.358793)))
(0.991992 ((0.059141 -0.032552 0.000000) (0.000000 0.000000 7169.188843)))
(0.992993 ((0.053975 -0.025428 0.000000) (0.000000 0.000000 7174.687487)))
(0.993994 ((0.047957 -0.019009 0.000000) (0.000000 0.000000 7179.863241)))
(0.994995 ((0.041181 -0.013395 0.000000) (0.000000 0.000000 7184.724632)))
(0.995996 ((0.033754 -0.008676 0.000000) (0.000000 0.000000 7189.280655)))
(0.996997 ((0.025794 -0.004926 0.000000) (0.000000 0.000000 7193.541674)))
(0.997998 ((0.017426 -0.002204 0.000000) (0.000000 0.000000 7197.520806)))
(0.998999 ((0.008782 -0.000553 0.000000) (0.000000 0.000000 7201.235845)))
(1.000000 ((0.000000 -0.000000 0.000000) (0.000000 0.000000 7204.711762)))
)

